# energy_min_eV = 0
# energy_max_eV = 1000000000
# outside_energy_range = error
# e + O2: vibrationally elastic residual; elmolcs iaa*, Schmalzried (2023), Eq. 11.10.
# Above 6000 eV: elmolcs Elastic.gen_Born, matched continuously to the last residual datum.
# Energy (eV), cross section (m^2); linear interpolation
0.00000000000000000e+00 3.496762000000e-21
1.60000000000000003e-02 9.995635000000e-21
2.00000000000000004e-02 9.995193000000e-21
2.40000000000000005e-02 1.198812000000e-20
3.20000000000000007e-02 1.196729000000e-20
4.00000000000000008e-02 1.497686000000e-20
4.49999999999999983e-02 1.579849605961e-20
5.00000000000000028e-02 1.657159684858e-20
5.50000000000000003e-02 1.730349225684e-20
5.99999999999999978e-02 1.799985000000e-20
8.00000000000000017e-02 2.399964000000e-20
8.99999999999999967e-02 2.553895817609e-20
1.00000000000000006e-01 2.699940000000e-20
1.05000000000000010e-01 2.616144502174e-20
1.10000000000000001e-01 2.538671072217e-20
1.14999999999999991e-01 2.466786545563e-20
1.19999999999999996e-01 2.399870000000e-20
1.30000000000000004e-01 2.550986500792e-20
1.40000000000000013e-01 2.699369000000e-20
1.50000000000000022e-01 2.800293418769e-20
1.60000000000000003e-01 2.898115000000e-20
1.79999999999999993e-01 3.199953000000e-20
1.84999999999999998e-01 3.410142275975e-20
1.90000000000000002e-01 3.627977113795e-20
1.95000000000000007e-01 3.853523436301e-20
2.00000000000000011e-01 4.086846000000e-20
2.20000000000000001e-01 4.082227000000e-20
2.24999999999999978e-01 3.914780567056e-20
2.29999999999999982e-01 3.757660188654e-20
2.34999999999999987e-01 3.610024855501e-20
2.39999999999999991e-01 3.471118000000e-20
2.60000000000000009e-01 3.593994000000e-20
2.99999999999999989e-01 4.160016000000e-20
3.40000000000000024e-01 4.444393000000e-20
3.80000000000000004e-01 4.393480000000e-20
4.19999999999999984e-01 4.852930000000e-20
4.60000000000000020e-01 5.067144000000e-20
5.00000000000000000e-01 4.975736000000e-20
5.40000000000000036e-01 5.258821000000e-20
5.79999999999999960e-01 5.196959000000e-20
6.20999999999999996e-01 5.240943000000e-20
6.61000000000000032e-01 5.661815000000e-20
6.81000000000000050e-01 5.470988991330e-20
7.00999999999999956e-01 5.291844000000e-20
7.40999999999999992e-01 5.412000000000e-20
7.71000000000000019e-01 5.883543010786e-20
8.01000000000000045e-01 6.375804000000e-20
8.16000000000000059e-01 6.186114573698e-20
8.30999999999999961e-01 6.005371789071e-20
8.45999999999999974e-01 5.833003389105e-20
8.60999999999999988e-01 5.668483000000e-20
8.91000000000000014e-01 6.021179082339e-20
9.21000000000000041e-01 6.383047000000e-20
1.00099999999999989e+00 6.323223000000e-20
1.10099999999999998e+00 6.307085000000e-20
1.20100000000000007e+00 6.437843555654e-20
1.30099999999999993e+00 6.560531000000e-20
1.50099999999999989e+00 6.776266000000e-20
1.77099999999999991e+00 6.717133000000e-20
1.97099999999999986e+00 6.848358090922e-20
2.17099999999999982e+00 6.969092000000e-20
2.57100000000000017e+00 7.060104000000e-20
2.97100000000000009e+00 7.151370000000e-20
3.97100000000000009e+00 7.230595000000e-20
4.47100000000000009e+00 7.327065756698e-20
4.97100000000000009e+00 7.414388000000e-20
5.47100000000000009e+00 7.543434798431e-20
5.97100000000000009e+00 7.663147000000e-20
6.97100000000000009e+00 7.845385000000e-20
7.97100000000000009e+00 7.899657000000e-20
8.97100000000000009e+00 7.919091000000e-20
1.00000000000000000e+01 8.180166000000e-20
1.05000000000000000e+01 8.386736000000e-20
1.10000000000000000e+01 8.696101000000e-20
1.15000000000000000e+01 9.043602000000e-20
1.20999999999999996e+01 9.434256000000e-20
1.26999999999999993e+01 9.645196000000e-20
1.33000000000000007e+01 9.767621000000e-20
1.39000000000000004e+01 9.806645000000e-20
1.45999999999999996e+01 9.838918000000e-20
1.53000000000000007e+01 9.848270000000e-20
1.60000000000000000e+01 9.849094000000e-20
1.68000000000000007e+01 9.838372000000e-20
1.76000000000000014e+01 9.795891000000e-20
1.83999999999999986e+01 9.776770000000e-20
1.93000000000000007e+01 9.767415000000e-20
2.03000000000000007e+01 9.698564000000e-20
2.11999999999999993e+01 9.731498000000e-20
2.23000000000000007e+01 9.750384000000e-20
2.33000000000000007e+01 9.770476000000e-20
2.45000000000000000e+01 9.788320000000e-20
2.56000000000000014e+01 9.750557000000e-20
2.68999999999999986e+01 9.672610000000e-20
2.81999999999999993e+01 9.586770000000e-20
2.95000000000000000e+01 9.511407000000e-20
3.10000000000000000e+01 9.407401000000e-20
3.23999999999999986e+01 9.290410000000e-20
3.40000000000000000e+01 9.176871000000e-20
3.57000000000000028e+01 9.052652000000e-20
3.73999999999999986e+01 8.922661000000e-20
3.92000000000000028e+01 8.803201000000e-20
4.11000000000000014e+01 8.664780000000e-20
4.30000000000000000e+01 8.520505000000e-20
4.51000000000000014e+01 8.364270000000e-20
4.72999999999999972e+01 8.220171000000e-20
4.96000000000000014e+01 8.068705000000e-20
5.20000000000000000e+01 7.880276000000e-20
5.45000000000000000e+01 7.685197000000e-20
5.71000000000000014e+01 7.496704000000e-20
5.97999999999999972e+01 7.315961000000e-20
6.27000000000000028e+01 7.155600000000e-20
6.57000000000000028e+01 7.005507000000e-20
6.89000000000000057e+01 6.865542000000e-20
7.22000000000000028e+01 6.728054000000e-20
7.57000000000000028e+01 6.590113000000e-20
7.94000000000000057e+01 6.445971000000e-20
8.32000000000000028e+01 6.314297000000e-20
8.72000000000000028e+01 6.188433000000e-20
9.14000000000000057e+01 6.046428000000e-20
9.57999999999999972e+01 5.866272000000e-20
1.00000000000000000e+02 5.734300000000e-20
1.05000000000000000e+02 5.623253000000e-20
1.10000000000000000e+02 5.481969000000e-20
1.16000000000000000e+02 5.321981000000e-20
1.21000000000000000e+02 5.201048000000e-20
1.27000000000000000e+02 5.083394000000e-20
1.33000000000000000e+02 4.977321000000e-20
1.40000000000000000e+02 4.864192000000e-20
1.46000000000000000e+02 4.760168000000e-20
1.53000000000000000e+02 4.629787000000e-20
1.61000000000000000e+02 4.493306000000e-20
1.69000000000000000e+02 4.357128000000e-20
1.77000000000000000e+02 4.192855000000e-20
1.85000000000000000e+02 4.039174000000e-20
1.94000000000000000e+02 3.878682000000e-20
2.04000000000000000e+02 3.736198000000e-20
2.13000000000000000e+02 3.618787000000e-20
2.24000000000000000e+02 3.490726000000e-20
2.34000000000000000e+02 3.375360000000e-20
2.46000000000000000e+02 3.247732000000e-20
2.58000000000000000e+02 3.194111000000e-20
2.70000000000000000e+02 3.095405000000e-20
2.83000000000000000e+02 2.997936000000e-20
2.97000000000000000e+02 2.914355000000e-20
3.11000000000000000e+02 2.846172000000e-20
3.26000000000000000e+02 2.771429000000e-20
3.34000000000000000e+02 2.710758643001e-20
3.42000000000000000e+02 2.652806000000e-20
3.58000000000000000e+02 2.544218000000e-20
3.75000000000000000e+02 2.458402000000e-20
3.93000000000000000e+02 2.379089000000e-20
4.12000000000000000e+02 2.305031000000e-20
4.22000000000000000e+02 2.252315787348e-20
4.32000000000000000e+02 2.201999000000e-20
4.42500000000000000e+02 2.152268792583e-20
4.53000000000000000e+02 2.104789000000e-20
4.64000000000000000e+02 2.057952243754e-20
4.75000000000000000e+02 2.013219000000e-20
4.98000000000000000e+02 1.928130000000e-20
5.22000000000000000e+02 1.854387000000e-20
5.47000000000000000e+02 1.785879000000e-20
5.73000000000000000e+02 1.719497000000e-20
6.01000000000000000e+02 1.646692000000e-20
6.30000000000000000e+02 1.576690000000e-20
6.60000000000000000e+02 1.512460000000e-20
6.92000000000000000e+02 1.453252000000e-20
7.26000000000000000e+02 1.396819000000e-20
7.61000000000000000e+02 1.343844000000e-20
7.97000000000000000e+02 1.295366000000e-20
8.36000000000000000e+02 1.249361000000e-20
8.76000000000000000e+02 1.205689000000e-20
9.18000000000000000e+02 1.156266000000e-20
9.40000000000000000e+02 1.129524006038e-20
9.62000000000000000e+02 1.103998000000e-20
9.86000000000000000e+02 1.078026058988e-20
1.01000000000000000e+03 1.053268000000e-20
1.03500000000000000e+03 1.030297745783e-20
1.06000000000000000e+03 1.008359000000e-20
1.11000000000000000e+03 9.679926000000e-21
1.16000000000000000e+03 9.294231000000e-21
1.19000000000000000e+03 9.057975081639e-21
1.22000000000000000e+03 8.833386000000e-21
1.25000000000000000e+03 8.625479703351e-21
1.28000000000000000e+03 8.427226000000e-21
1.34000000000000000e+03 8.108534000000e-21
1.40000000000000000e+03 7.819700000000e-21
1.47000000000000000e+03 7.533332000000e-21
1.54000000000000000e+03 7.275147000000e-21
1.62000000000000000e+03 7.192130000000e-21
1.69000000000000000e+03 7.004816000000e-21
1.77000000000000000e+03 6.722014000000e-21
1.81500000000000000e+03 6.451903272071e-21
1.86000000000000000e+03 6.198870000000e-21
1.95000000000000000e+03 5.935814000000e-21
2.04000000000000000e+03 5.845123000000e-21
2.14000000000000000e+03 5.750465000000e-21
2.25000000000000000e+03 5.588643000000e-21
2.35000000000000000e+03 5.460239000000e-21
2.47000000000000000e+03 5.292582000000e-21
2.59000000000000000e+03 5.127974000000e-21
2.71000000000000000e+03 4.980411000000e-21
2.84000000000000000e+03 4.831961000000e-21
2.98000000000000000e+03 4.632068000000e-21
3.12000000000000000e+03 4.445144000000e-21
3.27000000000000000e+03 4.266277000000e-21
3.43000000000000000e+03 4.118474000000e-21
3.60000000000000000e+03 3.972941000000e-21
3.77000000000000000e+03 3.840947000000e-21
3.95000000000000000e+03 3.714462000000e-21
4.14000000000000000e+03 3.593018000000e-21
4.34000000000000000e+03 3.481270000000e-21
4.55000000000000000e+03 3.372975000000e-21
4.77000000000000000e+03 3.299981000000e-21
5.00000000000000000e+03 3.228213000000e-21
5.25000000000000000e+03 3.115416495304e-21
5.50000000000000000e+03 3.011540688312e-21
5.75000000000000000e+03 2.915520679578e-21
6.00000000000000000e+03 2.826458000000e-21
6.24658855628066249e+03 2.723287961032e-21
6.49317711256132498e+03 2.627548977086e-21
6.73976566884198655e+03 2.538463103425e-21
6.98635422512264904e+03 2.455357691888e-21
7.27348005879569973e+03 2.365353452896e-21
7.56060589246875134e+03 2.281869772021e-21
7.84773172614180203e+03 2.204220830745e-21
8.13485755981485272e+03 2.131813981116e-21
8.46918469001878475e+03 2.053428964928e-21
8.80351182022271860e+03 1.980753457034e-21
9.13783895042665245e+03 1.913184255082e-21
9.47216608063058447e+03 1.850200404964e-21
9.86145404040947869e+03 1.782042576017e-21
1.02507420001883729e+04 1.718873971740e-21
1.06400299599672671e+04 1.660165267481e-21
1.10293179197461614e+04 1.605459570553e-21
1.14826018501779363e+04 1.546280764552e-21
1.19358857806097112e+04 1.491453476664e-21
1.23891697110414862e+04 1.440514237314e-21
1.28424536414732629e+04 1.393063211813e-21
1.33702539918986367e+04 1.341748691291e-21
1.38980543423240088e+04 1.294222803817e-21
1.44258546927493808e+04 1.250080589790e-21
1.49536550431747546e+04 1.208972866394e-21
1.55682217445440074e+04 1.164530970586e-21
1.61827884459132620e+04 1.123382310255e-21
1.67973551472825129e+04 1.085173738188e-21
1.74119218486517675e+04 1.049600888787e-21
1.81275186271068960e+04 1.011152785666e-21
1.88431154055620282e+04 9.755631078018e-22
1.95587121840171567e+04 9.425244425195e-22
2.02743089624722852e+04 9.117719533810e-22
2.11075443919129757e+04 8.785415794342e-22
2.19407798213536662e+04 8.477889619944e-22
2.27740152507943567e+04 8.192469356784e-22
2.36072506802350508e+04 7.926854251940e-22
2.45774636574008618e+04 7.639897294744e-22
2.55476766345666729e+04 7.374392894890e-22
2.65178896117324839e+04 7.128022585399e-22
2.74881025888982949e+04 6.898790452877e-22
2.86178111776134938e+04 6.651186540095e-22
2.97475197663286926e+04 6.422136949168e-22
3.08772283550438915e+04 6.209632350275e-22
3.20069369437590904e+04 6.011943487572e-22
3.33223610057470723e+04 5.798447486343e-22
3.46377850677350507e+04 5.600984267956e-22
3.59532091297230363e+04 5.417814452454e-22
3.72686331917110147e+04 5.247441511760e-22
3.88003029339272907e+04 5.063474634748e-22
4.03319726761435595e+04 4.893350360858e-22
4.18636424183598283e+04 4.735564546758e-22
4.33953121605760971e+04 4.588823366362e-22
4.51787767230802929e+04 4.430397261128e-22
4.69622412855844887e+04 4.283914162798e-22
4.87457058480886844e+04 4.148074533263e-22
5.05291704105928802e+04 4.021760777266e-22
5.26058229408608313e+04 3.885408150268e-22
5.46824754711287824e+04 3.759353060868e-22
5.67591280013967335e+04 3.642473640121e-22
5.88357805316646773e+04 3.533805264652e-22
6.12538188948228635e+04 3.416517010907e-22
6.36718572579810570e+04 3.308102527743e-22
6.60898956211392506e+04 3.207594001742e-22
6.85079339842974441e+04 3.114159405916e-22
7.13234794067905896e+04 3.013328048025e-22
7.41390248292837350e+04 2.920139689326e-22
7.69545702517768950e+04 2.833759927317e-22
7.97701156742700405e+04 2.753471529026e-22
8.30485152840133233e+04 2.666840647984e-22
8.63269148937566206e+04 2.586789676403e-22
8.96053145034999179e+04 2.512599617205e-22
9.28837141132432007e+04 2.443652513501e-22
9.67010576074382843e+04 2.369271773294e-22
1.00518401101633368e+05 2.300553288840e-22
1.04335744595828452e+05 2.236877798098e-22
1.08153088090023535e+05 2.177713121479e-22
1.12597973731592647e+05 2.113898442985e-22
1.17042859373161758e+05 2.054954311053e-22
1.21487745014730870e+05 2.000347586230e-22
1.25932630656299982e+05 1.949620145335e-22
1.31108221586660482e+05 1.894918565659e-22
1.36283812517020997e+05 1.844404732883e-22
1.41459403447381512e+05 1.797619825275e-22
1.46634994377741998e+05 1.754169615601e-22
1.52661412971713755e+05 1.707328370378e-22
1.58687831565685512e+05 1.664086126731e-22
1.64714250159657269e+05 1.624048158995e-22
1.70740668753629026e+05 1.586875341297e-22
1.77757784588021081e+05 1.546814724485e-22
1.84774900422413135e+05 1.509845489552e-22
1.91792016256805189e+05 1.475628168706e-22
1.98809132091197243e+05 1.443871135783e-22
2.06979808234160591e+05 1.409660719772e-22
2.15150484377123910e+05 1.378103960598e-22
2.23321160520087229e+05 1.348909016751e-22
2.31491836663050577e+05 1.321825200128e-22
2.41005709628634038e+05 1.292663035207e-22
2.50519582594217471e+05 1.265776959439e-22
2.60033455559800903e+05 1.240916176719e-22
2.69547328525384364e+05 1.217865280648e-22
2.80625209623781731e+05 1.193059734143e-22
2.91703090722179099e+05 1.170204442708e-22
3.02780971820576466e+05 1.149083988436e-22
3.13858852918973833e+05 1.129513377241e-22
3.26757853155172954e+05 1.108467316222e-22
3.39656853391372075e+05 1.089090141810e-22
3.52555853627571196e+05 1.071196940467e-22
3.65454853863770317e+05 1.054628944099e-22
3.80474351330441656e+05 1.036826008695e-22
3.95493848797112936e+05 1.020448807218e-22
4.10513346263784275e+05 1.005338744339e-22
4.25532843730455614e+05 9.913596833691e-23
4.43021431994705286e+05 9.763524373150e-23
4.60510020258954959e+05 9.625606361599e-23
4.77998608523204632e+05 9.498484111413e-23
4.95487196787454304e+05 9.380991735426e-23
5.15850775539349474e+05 9.254989514504e-23
5.36214354291244643e+05 9.139321878099e-23
5.76941511795035098e+05 8.934506859577e-23
6.24363903279008809e+05 8.732631823108e-23
6.71786294762982405e+05 8.561966153308e-23
7.27004565614562365e+05 8.394186300290e-23
7.82222836466142326e+05 8.252729792706e-23
8.46518569777459372e+05 8.114057447760e-23
9.10814303088776534e+05 7.997484309558e-23
9.85679764434923185e+05 7.883550677801e-23
1.06054522578106984e+06 7.788071913676e-23
1.14771799781297240e+06 7.695051851215e-23
1.23489076984487497e+06 7.617352631249e-23
1.33639408054499654e+06 7.541903828897e-23
1.43789739124511788e+06 7.479092604958e-23
1.55608707184073981e+06 7.418305739582e-23
1.67427675243636151e+06 7.367871995052e-23
1.81189591483554803e+06 7.319228635728e-23
1.94951507723473478e+06 7.279006485348e-23
2.27000048279653396e+06 7.208477409382e-23
2.64317124400267657e+06 7.152866826524e-23
3.07768843137679948e+06 7.109295283649e-23
3.58363692936006887e+06 7.075361278470e-23
4.17275950045671454e+06 7.049082433713e-23
4.85872932773940917e+06 7.028839019567e-23
5.65746736126326118e+06 7.013320732922e-23
6.58751183380918205e+06 7.001477625495e-23
7.67044852219637576e+06 6.992475867984e-23
8.93141174027207680e+06 6.985658742829e-23
1.03996676913266461e+07 6.980512953349e-23
1.21092937191952448e+07 6.976640074076e-23
1.40999692230584826e+07 6.973732771591e-23
1.64178965926023331e+07 6.971555302402e-23
1.91168735378923528e+07 6.969927736570e-23
2.22595417020982765e+07 6.968713349063e-23
2.59188405366246998e+07 6.967808649521e-23
3.01797001822213754e+07 6.967135571531e-23
3.51410126468329355e+07 6.966635403268e-23
4.09179270300483108e+07 6.966264104575e-23
4.76445220649397373e+07 6.965988715981e-23
5.54769180053901970e+07 6.965784619687e-23
6.45969000839569271e+07 6.965633460059e-23
7.52161376385630518e+07 6.965521571125e-23
8.75810968314303309e+07 6.965438791571e-23
1.01978760981523246e+08 6.965377574412e-23
1.18743291276006341e+08 6.965332319788e-23
1.38263782451849461e+08 6.965298876065e-23
1.60993293452319622e+08 6.965274167517e-23
1.87459362654504031e+08 6.965255916907e-23
2.18276251720015645e+08 6.965242439097e-23
2.54159202241344512e+08 6.965232487671e-23
2.95941036072103322e+08 6.965225141076e-23
3.44591484624919116e+08 6.965219718189e-23
4.01239695758431852e+08 6.965215715730e-23
4.67200440624808013e+08 6.965212761926e-23
5.44004628723048806e+08 6.965210582206e-23
6.33434839394258618e+08 6.965208973825e-23
7.37566694423661232e+08 6.965207787097e-23
8.58817031982749104e+08 6.965206911528e-23
1.00000000000000000e+09 6.965206265561e-23
