# e + O2, J=1->3; elmolcs iaa (Takayanagi-Itikawa); canonical rigid-rotor threshold.
# Energy (eV), cross section (m^2); linear interpolation
1.78289277346941970e-03 0.000000000000e+00
1.78289321761044943e-03 6.941741227155e-26
1.78289366175147937e-03 9.817103368344e-26
1.78289410589250910e-03 1.202344550422e-25
1.78289455003353883e-03 1.388347726734e-25
1.78289499417456877e-03 1.552219753410e-25
1.78289543831559850e-03 1.700371334476e-25
1.78289588245662822e-03 1.836610722842e-25
1.78289632659765817e-03 1.963419206273e-25
1.78289677073868811e-03 2.082520293246e-25
1.78289721487971784e-03 2.195168859948e-25
1.78289765902074756e-03 2.302312236754e-25
1.78289810316177751e-03 2.404686405226e-25
1.78289854730280745e-03 2.502876652848e-25
1.78289899144383718e-03 2.597357528518e-25
1.78289943558486690e-03 2.688520128704e-25
1.78289987972589685e-03 2.776691303349e-25
1.78290076800795652e-03 2.945125141130e-25
1.78290165629001619e-03 3.104433706719e-25
1.78290254457207586e-03 3.255956729073e-25
1.78290343285413553e-03 3.400735044583e-25
1.78290432113619520e-03 3.539596376001e-25
1.78290520941825487e-03 3.673211837919e-25
1.78290609770031454e-03 3.802134525124e-25
1.78290698598237421e-03 3.926826674013e-25
1.78290876254649355e-03 4.165026579508e-25
1.78291053911061289e-03 4.390321314783e-25
1.78291231567473223e-03 4.604605547150e-25
1.78291409223885135e-03 4.809351245355e-25
1.78291586880297047e-03 5.005728989504e-25
1.78291764536708981e-03 5.194687881920e-25
1.78291942193120915e-03 5.377010119350e-25
1.78292119849532849e-03 5.553349405129e-25
1.78292475162356717e-03 5.890210664799e-25
1.78292830475180564e-03 6.208821012980e-25
1.78293185788004410e-03 6.511859926495e-25
1.78293541100828278e-03 6.801409094389e-25
1.78293896413652146e-03 7.079123976309e-25
1.78294251726475992e-03 7.346346813911e-25
1.78294607039299838e-03 7.604183807911e-25
1.78294962352123706e-03 7.853559441107e-25
1.78295672977771421e-03 8.329941105686e-25
1.78296383603419135e-03 8.780511391633e-25
1.78297094229066871e-03 9.209059687023e-25
1.78297804854714585e-03 9.618529975321e-25
1.78298515480362300e-03 1.001126345675e-24
1.78299226106010036e-03 1.038915837127e-24
1.78299936731657750e-03 1.075377914385e-24
1.78300647357305464e-03 1.110643320944e-24
1.78302068608600893e-03 1.178010440571e-24
1.78303489859896343e-03 1.241727084309e-24
1.78304911111191794e-03 1.302329162635e-24
1.78306332362487222e-03 1.360233026353e-24
1.78307753613782651e-03 1.415769778728e-24
1.78309174865078101e-03 1.469207878093e-24
1.78310596116373551e-03 1.520768573487e-24
1.78312017367668980e-03 1.570636769461e-24
1.78314859870259859e-03 1.665898587565e-24
1.78317702372850738e-03 1.755997299805e-24
1.78320544875441617e-03 1.841690826570e-24
1.78323387378032496e-03 1.923568001336e-24
1.78326229880623375e-03 2.002097096215e-24
1.78329072383214254e-03 2.077657787478e-24
1.78331914885805133e-03 2.150562985317e-24
1.78334757388396012e-03 2.221074199343e-24
1.78340442393577769e-03 2.355767393205e-24
1.78346127398759527e-03 2.483157288882e-24
1.78351812403941285e-03 2.604315828401e-24
1.78357497409123021e-03 2.720075817481e-24
1.78363182414304757e-03 2.831099553432e-24
1.78368867419486515e-03 2.937924032988e-24
1.78374552424668273e-03 3.040991825556e-24
1.78380237429850031e-03 3.140672804300e-24
1.78391607440213547e-03 3.331080395768e-24
1.78402977450577063e-03 3.511155147789e-24
1.78414347460940578e-03 3.682413244061e-24
1.78425717471304072e-03 3.846032646461e-24
1.78437087481667566e-03 4.002950156410e-24
1.78448457492031082e-03 4.153925353350e-24
1.78459827502394598e-03 4.299584259805e-24
1.78471197512758114e-03 4.440450076575e-24
1.78493937533485123e-03 4.709508518050e-24
1.78516677554212133e-03 4.963941667474e-24
1.78539417574939165e-03 5.205894381535e-24
1.78562157595666174e-03 5.437033108411e-24
1.78584897616393184e-03 5.658683172636e-24
1.78607637637120216e-03 5.871919211803e-24
1.78630377657847225e-03 6.077626938709e-24
1.78653117678574235e-03 6.276546615445e-24
1.78698597720028255e-03 6.656435794897e-24
1.78744077761482296e-03 7.015606699855e-24
1.78789557802936337e-03 7.357094463866e-24
1.78835037844390357e-03 7.683257391705e-24
1.78880517885844376e-03 7.995971164406e-24
1.78925997927298418e-03 8.296756775805e-24
1.78971477968752459e-03 8.586867906985e-24
1.79016958010206478e-03 8.867352430445e-24
1.79107918093114539e-03 9.402859018003e-24
1.79198878176022600e-03 9.908967852656e-24
1.79289838258930661e-03 1.038997655534e-23
1.79380798341838722e-03 1.084922483615e-23
1.79471758424746782e-03 1.128936929752e-23
1.79562718507654843e-03 1.171256447653e-23
1.79653678590562926e-03 1.212058649504e-23
1.79744638673470986e-03 1.251492010366e-23
1.79926558839287130e-03 1.326736503206e-23
1.80108479005103251e-03 1.397796604691e-23
1.80290399170919373e-03 1.465281623365e-23
1.80472319336735494e-03 1.529665190012e-23
1.80654239502551616e-03 1.591324165011e-23
1.80836159668367738e-03 1.650564273715e-23
1.81018079834183859e-03 1.707637617121e-23
1.81200000000000003e-03 1.762755000000e-23
1.81487500000000008e-03 1.846304261260e-23
1.81774999999999992e-03 1.925986610014e-23
1.82062499999999998e-03 2.002264884217e-23
1.82350000000000003e-03 2.075515506294e-23
1.82637500000000009e-03 2.146049557373e-23
1.82925000000000015e-03 2.214127667077e-23
1.83500000000000004e-03 2.343768259911e-23
1.84074999999999994e-03 2.465859743684e-23
1.84650000000000005e-03 2.581480083509e-23
1.85225000000000016e-03 2.691469655628e-23
1.85800000000000006e-03 2.796498905305e-23
1.86374999999999996e-03 2.897113057117e-23
1.86950000000000007e-03 2.993762732853e-23
1.87525000000000018e-03 3.086825555736e-23
1.88100000000000008e-03 3.176621788177e-23
1.89250000000000008e-03 3.347475308094e-23
1.90400000000000009e-03 3.508113000000e-23
1.91600000000000017e-03 3.664860114583e-23
1.92800000000000003e-03 3.813104534948e-23
1.94000000000000010e-03 3.953842117289e-23
1.95200000000000018e-03 4.087885350551e-23
1.96400000000000047e-03 4.215907853644e-23
1.97600000000000033e-03 4.338475835222e-23
1.98800000000000018e-03 4.456070907991e-23
2.00000000000000004e-03 4.569107000000e-23
2.02549999999999996e-03 4.792198983646e-23
2.05099999999999987e-03 4.998833843654e-23
2.07650000000000022e-03 5.191237521480e-23
2.10200000000000014e-03 5.371178000000e-23
2.12850000000000018e-03 5.548413531367e-23
2.15499999999999980e-03 5.715148847209e-23
2.18149999999999985e-03 5.872473568958e-23
2.20799999999999989e-03 6.021306000000e-23
2.23624999999999996e-03 6.169087748641e-23
2.26450000000000002e-03 6.308841117977e-23
2.29275000000000008e-03 6.441276210816e-23
2.32100000000000015e-03 6.567010000000e-23
2.37950000000000010e-03 6.811982717157e-23
2.43800000000000006e-03 7.034601000000e-23
2.50000000000000005e-03 7.246951278655e-23
2.56200000000000004e-03 7.440576000000e-23
2.62699999999999999e-03 7.626184378570e-23
2.69199999999999995e-03 7.796153000000e-23
2.76049999999999993e-03 7.959505428995e-23
2.82899999999999992e-03 8.109405000000e-23
2.90049999999999987e-03 8.253646588805e-23
2.97199999999999982e-03 8.386395000000e-23
3.04749999999999986e-03 8.514193849177e-23
3.12299999999999991e-03 8.631828000000e-23
3.20250000000000005e-03 8.745136580694e-23
3.28200000000000019e-03 8.849451000000e-23
3.44800000000000011e-03 9.042309000000e-23
3.62400000000000005e-03 9.212924000000e-23
3.80700000000000005e-03 9.363412000000e-23
4.00100000000000022e-03 9.495573000000e-23
4.20400000000000027e-03 9.610950000000e-23
4.41699999999999992e-03 9.710883000000e-23
4.64200000000000029e-03 9.796541000000e-23
4.87700000000000026e-03 9.868954000000e-23
5.12500000000000022e-03 9.929031000000e-23
5.38500000000000003e-03 9.977583000000e-23
5.65799999999999984e-03 1.001533000000e-22
5.94499999999999976e-03 1.004293000000e-22
6.24699999999999995e-03 1.006097000000e-22
6.56400000000000039e-03 1.006997000000e-22
6.89799999999999962e-03 1.007041000000e-22
7.24800000000000010e-03 1.006274000000e-22
7.61600000000000037e-03 1.004735000000e-22
8.00200000000000043e-03 1.002461000000e-22
8.40899999999999981e-03 9.994859000000e-23
8.83500000000000084e-03 9.958397000000e-23
9.28400000000000059e-03 9.915512000000e-23
9.75499999999999978e-03 9.866468000000e-23
1.02500000000000004e-02 9.811506000000e-23
1.07709999999999993e-02 9.750854000000e-23
1.13179999999999999e-02 9.684721000000e-23
1.18919999999999998e-02 9.613303000000e-23
1.24960000000000002e-02 9.536784000000e-23
1.31299999999999993e-02 9.455335000000e-23
1.37970000000000002e-02 9.369120000000e-23
1.44969999999999995e-02 9.278291000000e-23
1.52330000000000000e-02 9.182993000000e-23
1.60059999999999994e-02 9.083364000000e-23
1.68190000000000006e-02 8.979536000000e-23
1.76730000000000012e-02 8.871635000000e-23
1.85699999999999997e-02 8.759785000000e-23
1.95120000000000016e-02 8.644103000000e-23
2.05030000000000004e-02 8.524704000000e-23
2.15440000000000006e-02 8.401703000000e-23
2.26370000000000009e-02 8.275211000000e-23
2.37860000000000016e-02 8.145338000000e-23
2.49939999999999989e-02 8.012194000000e-23
2.62630000000000016e-02 7.875892000000e-23
2.75959999999999990e-02 7.736542000000e-23
2.89969999999999985e-02 7.594258000000e-23
3.04689999999999996e-02 7.449156000000e-23
3.20160000000000028e-02 7.301354000000e-23
3.36409999999999973e-02 7.150975000000e-23
3.53479999999999975e-02 6.998145000000e-23
3.71430000000000024e-02 6.842996000000e-23
3.90280000000000002e-02 6.685663000000e-23
4.10099999999999978e-02 6.526291000000e-23
4.30909999999999974e-02 6.365030000000e-23
4.52789999999999998e-02 6.202037000000e-23
4.75780000000000022e-02 6.037478000000e-23
4.99930000000000027e-02 5.871529000000e-23
5.25310000000000013e-02 5.704376000000e-23
5.51970000000000030e-02 5.536214000000e-23
5.79990000000000019e-02 5.367251000000e-23
6.09439999999999982e-02 5.197709000000e-23
6.40369999999999967e-02 5.027822000000e-23
6.72880000000000006e-02 4.857838000000e-23
7.07040000000000030e-02 4.688021000000e-23
7.42929999999999979e-02 4.518654000000e-23
7.80639999999999945e-02 4.350035000000e-23
8.20270000000000027e-02 4.182482000000e-23
8.61910000000000037e-02 4.016334000000e-23
9.05669999999999947e-02 3.851949000000e-23
9.51639999999999986e-02 3.689710000000e-23
9.75794999999999996e-02 3.608006800899e-23
9.99950000000000006e-02 3.530025000000e-23
1.02532999999999999e-01 3.449826108134e-23
1.05070999999999998e-01 3.373326000000e-23
1.07738000000000000e-01 3.294869190301e-23
1.10405000000000003e-01 3.220073000000e-23
1.13207500000000003e-01 3.143612201134e-23
1.16010000000000002e-01 3.070756000000e-23
1.18954499999999991e-01 2.996560266383e-23
1.21898999999999993e-01 2.925893000000e-23
1.24992999999999993e-01 2.854250373911e-23
1.28087000000000006e-01 2.786038000000e-23
1.31338000000000010e-01 2.717254256082e-23
1.34588999999999986e-01 2.651778000000e-23
1.38004999999999989e-01 2.586177451017e-23
1.41420999999999991e-01 2.523735000000e-23
1.45010499999999987e-01 2.461663971552e-23
1.48600000000000010e-01 2.402573000000e-23
1.52372000000000007e-01 2.344396956503e-23
1.56144000000000005e-01 2.288993000000e-23
1.60106999999999999e-01 2.235101439649e-23
1.64069999999999994e-01 2.183743000000e-23
1.68234500000000009e-01 2.134545772825e-23
1.72398999999999997e-01 2.087613000000e-23
1.81151000000000006e-01 2.001445000000e-23
1.90346999999999988e-01 1.926128000000e-23
2.00009999999999993e-01 1.862607000000e-23
2.10162999999999989e-01 1.811885000000e-23
2.20832000000000001e-01 1.775022000000e-23
2.32041999999999998e-01 1.753144000000e-23
2.43821000000000010e-01 1.747443000000e-23
2.56199000000000010e-01 1.759179000000e-23
2.69203999999999999e-01 1.789692000000e-23
2.82870000000000010e-01 1.840394000000e-23
2.97229999999999994e-01 1.912786000000e-23
3.12317999999999985e-01 2.008450000000e-23
3.28172999999999992e-01 2.129066000000e-23
3.44832000000000027e-01 2.276406000000e-23
3.62337000000000020e-01 2.452348000000e-23
3.80730999999999986e-01 2.658876000000e-23
4.00058000000000025e-01 2.898089000000e-23
4.20366999999999991e-01 3.172203000000e-23
4.31036499999999989e-01 3.326168572799e-23
4.41705999999999988e-01 3.483563000000e-23
4.52917499999999973e-01 3.657066299788e-23
4.64129000000000014e-01 3.834646000000e-23
4.75909499999999985e-01 4.028992348710e-23
4.87690000000000012e-01 4.228069000000e-23
5.00068500000000027e-01 4.444640834018e-23
5.12446999999999986e-01 4.666597000000e-23
5.25453999999999977e-01 4.906855910346e-23
5.38460999999999967e-01 5.153149000000e-23
5.52127999999999952e-01 5.418641274735e-23
5.65795000000000048e-01 5.690811000000e-23
5.80156000000000005e-01 5.983168020080e-23
5.94516999999999962e-01 6.282837000000e-23
6.09607000000000010e-01 6.603783728108e-23
6.24696999999999947e-01 6.932668000000e-23
6.40552999999999928e-01 7.284022573294e-23
6.56409000000000020e-01 7.643931000000e-23
6.73070000000000057e-01 8.027613810925e-23
6.89730999999999983e-01 8.420458000000e-23
7.07238000000000033e-01 8.838494597211e-23
7.24744999999999973e-01 9.266292000000e-23
7.43139999999999912e-01 9.720819117867e-23
7.61534999999999962e-01 1.018570000000e-22
7.80864499999999961e-01 1.067897010935e-22
8.00193999999999961e-01 1.118318000000e-22
8.40814999999999979e-01 1.226349000000e-22
8.83498000000000006e-01 1.343163000000e-22
9.28347999999999951e-01 1.469289000000e-22
9.75473999999999952e-01 1.605284000000e-22
1.02499300000000004e+00 1.751736000000e-22
1.07702600000000004e+00 1.909265000000e-22
1.13169999999999993e+00 2.078523000000e-22
1.18914900000000001e+00 2.260201000000e-22
1.24951499999999993e+00 2.455023000000e-22
1.31294599999999995e+00 2.663756000000e-22
1.37959600000000004e+00 2.887206000000e-22
1.44962999999999997e+00 3.126223000000e-22
1.52321799999999996e+00 3.381703000000e-22
1.60054300000000005e+00 3.654591000000e-22
1.68179300000000009e+00 3.945880000000e-22
1.76716699999999993e+00 4.256619000000e-22
1.85687599999999997e+00 4.587913000000e-22
1.95113800000000004e+00 4.940923000000e-22
2.05018499999999992e+00 5.316874000000e-22
2.15426099999999998e+00 5.717058000000e-22
2.26361899999999983e+00 6.142833000000e-22
2.37853000000000003e+00 6.595630000000e-22
2.49927300000000008e+00 7.076957000000e-22
2.62614599999999987e+00 7.588399000000e-22
2.75945900000000011e+00 8.131629000000e-22
2.89954000000000001e+00 8.708405000000e-22
3.04673200000000000e+00 9.320580000000e-22
3.20139599999999991e+00 9.970105000000e-22
3.36391200000000001e+00 1.065903000000e-21
3.53467699999999985e+00 1.138952000000e-21
3.71411099999999994e+00 1.216385000000e-21
3.90265400000000007e+00 1.298441000000e-21
4.10076800000000041e+00 1.385373000000e-21
4.30893899999999963e+00 1.477445000000e-21
4.52767799999999987e+00 1.574937000000e-21
4.75752000000000042e+00 1.678142000000e-21
4.99903099999999956e+00 1.787370000000e-21
5.25280099999999983e+00 1.902946000000e-21
5.51945399999999964e+00 2.025213000000e-21
5.79964299999999966e+00 2.154531000000e-21
6.09405500000000000e+00 2.291278000000e-21
6.40341299999999958e+00 2.435854000000e-21
6.72847599999999968e+00 2.588679000000e-21
7.07003999999999966e+00 2.750193000000e-21
7.42894200000000016e+00 2.920861000000e-21
7.80606500000000025e+00 3.101173000000e-21
8.20233099999999915e+00 3.291641000000e-21
8.61871400000000065e+00 3.492807000000e-21
9.05623300000000064e+00 3.705240000000e-21
9.51596299999999928e+00 3.929537000000e-21
9.99903100000000045e+00 4.166329000000e-21
1.05066210000000009e+01 4.416278000000e-21
1.10399779999999996e+01 4.680079000000e-21
1.16004100000000001e+01 4.958465000000e-21
1.21892920000000000e+01 5.252207000000e-21
1.28080689999999997e+01 5.562114000000e-21
1.34582560000000004e+01 5.889039000000e-21
1.41414500000000007e+01 6.233879000000e-21
1.48593250000000001e+01 6.597574000000e-21
1.56136429999999997e+01 6.981117000000e-21
1.64062529999999995e+01 7.385550000000e-21
1.72390979999999985e+01 7.811968000000e-21
1.81142220000000016e+01 8.261526000000e-21
1.90337710000000015e+01 8.735433000000e-21
2.00000000000000000e+01 9.234966000000e-21
