# angular_offsets: u32, 1760 values. See README.md.
values 1760
0 659 1318 1977 2636 3295 3954 4613
5272 5931 6590 7249 7908 8567 9226 9885
10544 11203 11862 12521 13180 13839 14498 15157
15816 16475 17134 17793 18452 19111 19770 20429
21088 21747 22406 23065 23724 24383 25042 25701
26360 27019 27678 28337 28996 29655 30314 30973
31632 32291 32950 33609 34268 34927 35586 36245
36904 37563 38222 38881 39540 40199 40858 41517
42176 42835 43494 44153 44812 45471 46130 46789
47448 48107 48766 49425 50084 50743 51402 52061
52720 53379 54038 54697 55356 56015 56674 57333
57992 58651 59310 59969 60628 61287 61946 62605
63264 63923 64582 65241 65900 66559 67218 67877
68536 69195 69854 70513 71172 71831 72490 73149
73808 74467 75126 75785 76444 77103 77762 78421
79080 79739 80398 81057 81716 82375 83034 83693
84352 85011 85670 86329 86988 87647 88306 88965
89624 90283 90942 91601 92259 92917 93574 94231
94887 95543 96199 96855 97511 98167 98823 99479
100135 100791 101447 102103 102759 103415 104071 104727
105382 106037 106691 107344 107997 108650 109303 109956
110609 111262 111915 112568 113221 113874 114527 115180
115833 116486 117139 117792 118445 119098 119751 120404
121057 121710 122363 123016 123669 124322 124975 125628
126281 126934 127587 128240 128893 129546 130199 130852
131505 132158 132811 133464 134117 134770 135423 136076
136729 137382 138035 138688 139341 139994 140647 141300
141953 142606 143259 143912 144565 145218 145871 146524
147177 147830 148483 149136 149789 150442 151095 151748
152401 153054 153707 154360 155013 155666 156319 156972
157625 158278 158931 159584 160237 160890 161543 162196
162849 163502 164155 164808 165461 166114 166767 167420
168073 168726 169378 170030 170682 171334 171986 172638
173289 173940 174591 175242 175893 176543 177193 177843
178493 179143 179793 180443 181093 181743 182393 183043
183693 184343 184993 185643 186293 186943 187593 188243
188893 189543 190193 190843 191493 192143 192793 193443
194093 194743 195393 196043 196693 197343 197993 198643
199293 199943 200593 201243 201893 202543 203193 203843
204493 205143 205793 206443 207093 207743 208393 209043
209693 210343 210993 211643 212293 212943 213593 214243
214893 215543 216193 216843 217493 218143 218793 219443
220093 220743 221393 222043 222693 223343 223993 224643
225293 225943 226593 227243 227892 228541 229190 229839
230488 231137 231786 232435 233084 233733 234382 235030
235678 236326 236974 237621 238268 238915 239562 240209
240856 241503 242150 242797 243444 244091 244738 245385
246032 246679 247326 247973 248620 249267 249914 250561
251208 251855 252502 253149 253796 254443 255090 255737
256384 257031 257678 258325 258972 259619 260266 260913
261560 262207 262854 263501 264148 264795 265442 266089
266736 267383 268030 268677 269324 269971 270618 271265
271912 272559 273206 273853 274500 275147 275794 276441
277088 277735 278382 279029 279676 280323 280970 281617
282264 282911 283558 284205 284852 285499 286146 286793
287440 288087 288734 289381 290028 290675 291322 291969
292616 293263 293910 294557 295204 295851 296498 297145
297792 298439 299086 299733 300380 301027 301674 302321
302968 303615 304262 304909 305556 306203 306850 307497
308144 308791 309438 310084 310730 311376 312022 312668
313314 313959 314604 315249 315894 316539 317184 317829
318474 319119 319764 320409 321054 321699 322344 322989
323633 324277 324921 325565 326209 326853 327497 328141
328785 329429 330073 330717 331361 332005 332649 333293
333937 334581 335225 335869 336513 337157 337801 338445
339089 339733 340377 341021 341665 342309 342953 343597
344241 344885 345529 346173 346817 347461 348105 348749
349393 350037 350681 351325 351969 352613 353257 353901
354545 355189 355833 356477 357121 357765 358409 359053
359697 360341 360985 361629 362273 362917 363561 364205
364849 365493 366137 366781 367425 368069 368713 369356
369999 370642 371285 371928 372571 373214 373857 374500
375142 375784 376426 377068 377710 378352 378994 379636
380278 380920 381561 382202 382843 383484 384125 384766
385407 386048 386689 387330 387971 388612 389253 389894
390535 391176 391817 392458 393099 393740 394381 395022
395663 396304 396945 397586 398227 398868 399509 400150
400791 401432 402073 402714 403355 403996 404637 405278
405919 406560 407201 407842 408483 409124 409765 410406
411047 411688 412329 412970 413611 414252 414893 415534
416175 416816 417457 418098 418739 419380 420021 420662
421303 421944 422585 423226 423867 424508 425149 425790
426431 427072 427713 428354 428995 429636 430277 430918
431559 432200 432841 433482 434123 434764 435405 436046
436687 437328 437969 438610 439251 439892 440533 441174
441815 442456 443097 443738 444379 445020 445661 446301
446941 447581 448221 448861 449501 450141 450781 451421
452061 452701 453341 453980 454619 455258 455897 456536
457175 457814 458453 459092 459731 460370 461009 461647
462285 462923 463561 464199 464837 465475 466113 466751
467389 468027 468665 469303 469941 470579 471217 471855
472493 473131 473769 474407 475045 475683 476321 476959
477597 478235 478873 479511 480149 480787 481425 482063
482701 483339 483977 484615 485253 485891 486529 487167
487805 488443 489081 489719 490357 490995 491633 492271
492909 493547 494185 494823 495461 496099 496737 497375
498013 498651 499289 499927 500565 501203 501841 502479
503117 503755 504393 505031 505669 506308 506947 507586
508225 508864 509503 510142 510781 511420 512059 512698
513337 513976 514615 515254 515894 516534 517174 517814
518454 519094 519734 520374 521014 521654 522294 522934
523575 524216 524857 525498 526139 526780 527421 528062
528703 529344 529985 530626 531267 531908 532549 533190
533831 534472 535113 535754 536395 537036 537677 538318
538959 539600 540241 540882 541523 542164 542805 543446
544087 544728 545369 546010 546651 547292 547933 548574
549215 549856 550497 551138 551779 552420 553061 553702
554343 554984 555625 556266 556907 557548 558189 558830
559471 560112 560753 561394 562035 562676 563317 563958
564599 565240 565881 566522 567163 567804 568445 569086
569727 570368 571009 571650 572291 572932 573573 574214
574855 575496 576137 576778 577419 578060 578701 579342
579983 580624 581265 581906 582547 583188 583829 584470
585111 585752 586393 587034 587675 588316 588957 589598
590239 590880 591521 592162 592803 593444 594085 594726
595367 596008 596649 597290 597931 598572 599213 599854
600495 601136 601777 602418 603059 603700 604341 604982
605623 606264 606905 607546 608187 608828 609469 610110
610751 611392 612033 612674 613315 613957 614599 615242
615886 616530 617174 617818 618462 619106 619750 620394
621038 621682 622326 622970 623614 624258 624902 625547
626192 626837 627483 628130 628777 629424 630071 630718
631365 632012 632659 633306 633953 634600 635247 635894
636541 637188 637836 638484 639133 639782 640432 641082
641732 642382 643032 643682 644334 644987 645640 646293
646946 647599 648252 648905 649558 650212 650866 651521
652177 652833 653489 654145 654801 655457 656113 656769
657425 658083 658742 659401 660060 660719 661378 662037
662699 663361 664023 664685 665347 666010 666674 667338
668003 668668 669333 669998 670663 671328 671994 672662
673330 673998 674666 675337 676010 676683 677357 678031
678705 679379 680053 680727 681401 682075 682749 683423
684097 684771 685445 686119 686793 687467 688141 688815
689490 690165 690842 691519 692196 692873 693550 694227
694904 695581 696259 696937 697617 698297 698977 699657
700337 701017 701697 702377 703057 703737 704418 705100
705783 706466 707149 707832 708515 709198 709881 710564
711248 711932 712616 713301 713987 714674 715361 716048
716735 717422 718109 718796 719483 720170 720858 721546
722235 722925 723615 724305 724995 725685 726375 727065
727755 728445 729135 729825 730516 731208 731900 732594
733288 733983 734678 735373 736068 736763 737458 738153
738848 739543 740238 740933 741628 742323 743018 743714
744410 745107 745805 746503 747201 747899 748597 749295
749993 750691 751389 752087 752785 753483 754181 754879
755577 756275 756974 757673 758372 759071 759770 760469
761168 761867 762566 763265 763964 764663 765362 766061
766760 767459 768158 768857 769556 770255 770954 771653
772352 773051 773750 774449 775148 775847 776546 777245
777944 778643 779342 780041 780740 781439 782138 782837
783536 784235 784934 785633 786332 787031 787730 788429
789128 789827 790526 791225 791924 792623 793322 794021
794720 795419 796118 796817 797516 798215 798914 799613
800312 801011 801710 802409 803108 803807 804506 805205
805904 806603 807302 808001 808700 809399 810098 810797
811496 812195 812894 813593 814292 814991 815690 816389
817088 817787 818486 819185 819884 820583 821282 821981
822680 823379 824078 824777 825476 826175 826874 827573
828272 828971 829670 830369 831068 831767 832466 833165
833864 834563 835262 835961 836660 837359 838058 838757
839456 840155 840854 841553 842252 842951 843650 844349
845048 845747 846446 847145 847844 848543 849242 849941
850640 851339 852038 852737 853436 854135 854834 855533
856232 856931 857630 858329 859028 859727 860426 861125
861824 862523 863222 863921 864620 865319 866018 866717
867416 868115 868814 869513 870212 870911 871610 872309
873008 873707 874406 875105 875804 876503 877202 877901
878600 879299 879998 880697 881396 882095 882794 883493
884192 884891 885590 886289 886988 887687 888386 889085
889784 890483 891182 891881 892580 893279 893978 894677
895376 896075 896774 897473 898172 898871 899570 900269
900968 901667 902366 903065 903764 904463 905162 905861
906560 907259 907958 908657 909356 910055 910754 911453
912152 912851 913550 914249 914948 915647 916346 917045
917744 918443 919142 919841 920540 921239 921938 922637
923336 924035 924734 925433 926132 926831 927530 928229
928928 929628 930328 931028 931728 932428 933128 933828
934528 935228 935928 936628 937328 938028 938728 939428
940128 940828 941528 942228 942928 943628 944328 945028
945728 946428 947128 947828 948528 949228 949928 950628
951328 952028 952728 953428 954128 954828 955528 956228
956928 957628 958328 959028 959728 960428 961128 961828
962528 963228 963928 964628 965328 966028 966728 967428
968128 968828 969528 970228 970928 971628 972328 973028
973728 974428 975128 975828 976528 977228 977928 978628
979328 980028 980728 981428 982128 982828 983528 984228
984928 985628 986328 987028 987728 988428 989128 989828
990528 991228 991928 992628 993328 994028 994728 995428
996128 996828 997528 998228 998928 999628 999628 999628
999628 999628 999628 999628 999628 999628 999628 999628
999628 999628 999628 999628 999628 999628 999628 999628
999628 999628 999628 999628 999628 999628 999628 999628
999628 999628 999628 999628 999628 999628 999628 999628
999628 999628 999628 999628 999628 999628 999628 999628
999628 999628 999628 999628 999628 999628 999628 999628
999628 999628 999628 999628 999628 999628 999628 999628
999628 999628 999628 999628 999628 999628 999628 999628
999628 999628 999628 999628 999628 999628 999628 999628
999628 999628 999628 999628 999628 999628 999628 999628
999628 999628 999628 999628 999628 999628 999628 999628
999628 999628 999628 999628 999628 999628 999628 999628
999628 999628 999628 999628 999628 999628 999628 999628
999628 999628 999628 999628 999628 999628 999628 999628
999628 999628 999628 999628 999628 999628 999628 999628
999628 999628 999628 999628 999628 999628 999628 999628
999628 999628 999628 999628 999628 999628 999628 999628
999628 999628 999628 999628 999628 999628 999628 999628
999628 999628 999628 999628 999628 999628 999628 999628
999628 999628 999628 999628 999628 999628 999628 999628
999628 999628 999628 999628 999628 999628 999628 999628
999628 999628 999628 999628 999628 999628 999628 999628
999628 999628 999628 999628 999628 999628 999628 999628
999628 999628 999628 999628 999628 999628 999628 999628
999628 999628 999628 999628 999628 999628 999628 999628
999628 999628 999628 999628 999628 999628 999628 999628
999628 999628 999628 999628 999628 999628 999628 999628
999628 999628 999628 999628 999628 999628 999628 999628
999628 999628 999628 999628 999628 999628 999628 999628
999628 999628 999628 999628 999628 999628 999628 999628
999628 999628 999628 999628 999628 999628 999628 999628
