# conditional_offsets: u32, 1760 values. See README.md.
values 1760
0 2 4 6 8 10 12 14
16 18 20 22 24 26 28 30
32 34 36 38 40 42 44 46
48 50 52 54 56 58 60 62
64 66 68 70 72 74 76 78
80 82 84 86 88 90 92 94
96 98 100 102 104 106 108 110
112 114 116 118 120 122 124 126
128 130 132 134 136 138 140 142
144 146 148 150 152 154 156 158
160 162 164 166 168 170 172 174
176 178 180 182 184 186 188 190
192 194 196 198 200 202 204 206
208 210 212 214 216 218 220 222
224 226 228 230 232 234 237 240
243 246 249 252 255 258 261 264
267 270 273 276 279 282 285 288
291 294 297 300 303 307 311 315
319 323 327 331 335 339 343 347
352 357 362 368 374 380 386 392
398 404 411 418 425 432 439 446
454 477 500 523 546 569 592 615
638 661 684 707 730 753 776 799
822 845 868 891 914 937 960 983
1006 1029 1052 1075 1098 1121 1144 1167
1190 1213 1236 1259 1282 1305 1328 1351
1374 1397 1420 1443 1466 1489 1512 1535
1558 1581 1604 1627 1650 1673 1696 1719
1742 1765 1788 1811 1834 1857 1880 1903
1926 1949 1972 1995 2018 2040 2062 2084
2106 2129 2152 2175 2198 2221 2244 2267
2290 2313 2336 2359 2382 2404 2426 2448
2470 2492 2514 2535 2556 2577 2598 2619
2640 2661 2682 2703 2724 2745 2765 2785
2805 2825 2845 2865 2884 2903 2922 2941
2960 2981 3001 3021 3041 3061 3081 3102
3123 3144 3165 3186 3208 3229 3250 3272
3294 3316 3338 3360 3382 3404 3427 3450
3473 3496 3519 3543 3567 3591 3616 3641
3666 3691 3716 3740 3764 3788 3812 3836
3860 3884 3908 3932 3956 3979 4002 4025
4049 4073 4097 4121 4146 4171 4196 4221
4246 4271 4296 4321 4346 4371 4396 4422
4448 4474 4500 4527 4554 4581 4607 4633
4659 4685 4711 4738 4765 4792 4819 4846
4873 4900 4926 4952 4978 5004 5031 5058
5085 5112 5139 5166 5193 5220 5247 5274
5301 5328 5355 5382 5409 5437 5465 5493
5521 5549 5577 5605 5633 5661 5689 5718
5747 5776 5805 5834 5863 5892 5921 5950
5979 6008 6037 6067 6097 6127 6157 6187
6217 6247 6276 6305 6334 6363 6392 6421
6450 6479 6508 6538 6568 6598 6628 6658
6688 6718 6748 6778 6808 6838 6868 6898
6928 6959 6990 7021 7052 7083 7114 7145
7176 7206 7236 7266 7297 7328 7360 7392
7425 7458 7491 7524 7555 7586 7617 7648
7679 7710 7741 7772 7803 7834 7865 7896
7927 7958 7989 8020 8051 8082 8113 8144
8175 8207 8240 8273 8304 8335 8367 8399
8431 8463 8495 8527 8559 8591 8623 8655
8688 8721 8754 8787 8820 8853 8886 8919
8952 8984 9017 9050 9083 9116 9149 9182
9214 9246 9278 9310 9342 9374 9406 9438
9471 9504 9537 9569 9601 9633 9665 9697
9729 9761 9793 9825 9857 9890 9922 9954
9986 10018 10050 10082 10113 10144 10176 10208
10240 10272 10304 10336 10368 10399 10430 10461
10491 10521 10553 10585 10617 10649 10681 10712
10743 10774 10805 10836 10867 10899 10931 10963
10995 11026 11057 11088 11119 11150 11180 11211
11242 11273 11304 11335 11365 11395 11425 11455
11485 11515 11545 11574 11603 11632 11661 11690
11719 11748 11777 11806 11835 11864 11892 11920
11948 11976 12004 12032 12060 12088 12116 12144
12172 12200 12228 12256 12284 12312 12340 12368
12396 12424 12452 12480 12508 12536 12564 12592
12620 12648 12676 12704 12732 12760 12787 12814
12841 12868 12895 12922 12949 12976 13003 13030
13057 13084 13111 13138 13165 13192 13219 13247
13275 13302 13329 13357 13384 13411 13438 13465
13492 13519 13546 13573 13600 13627 13654 13682
13710 13738 13766 13794 13822 13850 13878 13906
13934 13962 13990 14017 14044 14071 14098 14125
14152 14179 14207 14235 14263 14290 14317 14344
14371 14398 14426 14454 14483 14513 14542 14571
14600 14629 14658 14687 14716 14745 14773 14800
14827 14854 14881 14908 14937 14966 14995 15024
15053 15081 15109 15137 15165 15193 15222 15253
15284 15316 15348 15381 15414 15447 15480 15513
15546 15578 15611 15644 15677 15710 15743 15776
15811 15846 15881 15916 15951 15986 16021 16056
16091 16126 16160 16194 16228 16262 16296 16330
16364 16398 16434 16468 16502 16538 16574 16610
16646 16683 16727 16771 16815 16859 16903 16949
16995 17041 17087 17135 17183 17231 17279 17330
17383 17436 17493 17551 17610 17670 17730 17791
17859 17928 17997 18066 18136 18206 18280 18354
18429 18505 18583 18662 18741 18820 18901 18983
19067 19151 19237 19322 19413 19506 19599 19692
19783 19875 19972 20070 20165 20263 20361 20464
20566 20670 20774 20882 20991 21099 21210 21321
21432 21545 21661 21778 21898 22016 22138 22261
22388 22511 22633 22757 22878 23000 23124 23251
23375 23498 23620 23745 23870 23996 24122 24246
24371 24495 24620 24745 24867 24994 25116 25235
25355 25476 25594 25711 25832 25950 26066 26182
26298 26414 26532 26650 26768 26887 27005 27121
27237 27354 27469 27584 27698 27813 27925 28039
28151 28265 28378 28494 28605 28717 28827 28936
29047 29156 29265 29372 29477 29584 29689 29794
29898 30005 30110 30215 30318 30421 30526 30630
30736 30839 30941 31046 31145 31244 31345 31446
31544 31640 31735 31831 31926 32020 32109 32201
32292 32383 32474 32565 32655 32743 32832 32919
33006 33094 33178 33261 33345 33428 33508 33587
33669 33748 33829 33911 33993 34074 34153 34232
34311 34389 34464 34540 34614 34689 34762 34833
34903 34973 35053 35134 35228 35324 35417 35498
35568 35632 35698 35758 35810 35862 35913 35960
36007 36057 36104 36151 36198 36246 36294 36343
36393 36443 36494 36548 36606 36662 36718 36777
36837 36894 36953 37012 37072 37133 37194 37254
37315 37376 37436 37498 37560 37622 37683 37743
37800 37857 37914 37971 38027 38080 38133 38187
38241 38294 38344 38393 38443 38494 38545 38596
38647 38698 38747 38796 38845 38894 38942 38989
39035 39082 39129 39179 39230 39281 39330 39379
39431 39484 39538 39592 39646 39699 39756 39814
39872 39930 39989 40046 40104 40162 40220 40281
40342 40408 40474 40541 40607 40673 40741 40809
40878 40947 41017 41086 41157 41224 41292 41363
41434 41503 41572 41643 41714 41787 41861 41936
42011 42089 42167 42248 42329 42412 42496 42582
42669 42759 42852 42945 43039 43137 43236 43337
43439 43544 43648 43751 43856 43963 44075 44192
44312 44430 44553 44684 44813 44942 45076 45212
45351 45492 45634 45778 45919 46065 46213 46365
46516 46676 46836 47001 47167 47341 47517 47697
47880 48066 48253 48450 48648 48847 49046 49244
49440 49637 49838 50044 50250 50458 50667 50879
51092 51306 51524 51745 51966 52191 52415 52646
52875 53107 53342 53582 53830 54082 54337 54590
54844 55100 55359 55627 55891 56157 56427 56700
56970 57240 57514 57790 58072 58358 58643 58925
59211 59499 59788 60079 60366 60659 60946 61236
61527 61823 62114 62406 62705 62999 63289 63581
63872 64165 64456 64744 65042 65334 65626 65917
66213 66510 66807 67100 67394 67689 67986 68283
68580 68881 69177 69472 69765 70062 70358 70655
70951 71250 71545 71851 72153 72450 72751 73055
73357 73662 73967 74267 74575 74881 75191 75507
75822 76136 76451 76772 77092 77412 77735 78060
78388 78719 79049 79381 79714 80047 80377 80711
81045 81388 81729 82072 82417 82761 83106 83453
83802 84154 84507 84864 85217 85573 85930 86286
86644 87002 87361 87717 88076 88434 88792 89151
89511 89875 90241 90610 90978 91346 91716 92089
92463 92833 93204 93574 93946 94316 94692 95064
95438 95810 96185 96562 96938 97314 97690 98066
98442 98820 99197 99574 99954 100333 100712 101093
101472 101855 102235 102620 103003 103385 103768 104152
104537 104924 104924 104924 104924 104924 104924 104924
104924 104924 104924 104924 104924 104924 104924 104924
104924 104924 104924 104924 104924 104924 104924 104924
104924 104924 104924 104924 104924 104924 104924 104924
104924 104924 104924 104924 104924 104924 104924 104924
104924 104924 104924 104924 104924 104924 104924 104924
104924 104924 104924 104924 104924 104924 104924 104924
104924 104924 104924 104924 104924 104924 104924 104924
104924 104924 104924 104924 104924 104924 104924 104924
104924 104924 104924 104924 104924 104924 104924 104924
104924 104924 104924 104924 104924 104924 104924 104924
104924 104924 104924 104924 104924 104924 104924 104924
104924 104924 104924 104924 104924 104924 104924 104924
104924 104924 104924 104924 104924 104924 104924 104924
104924 104924 104924 104924 104924 104924 104924 104924
104924 104924 104924 104924 104924 104924 104924 104924
104924 104924 104924 104924 104924 104924 104924 104924
104924 104924 104924 104924 104924 104924 104924 104924
104924 104924 104924 104924 104924 104924 104924 104924
104924 104924 104924 104924 104924 104924 104924 104924
104924 104924 104924 104924 104924 104924 104924 104924
104924 104924 104924 104924 104924 104924 104924 104924
104924 104924 104924 104924 104924 104924 104924 104924
104924 104924 104924 104924 104924 104924 104924 104924
104924 104924 104924 104924 104924 104924 104924 104924
104924 104924 104924 104924 104924 104924 104924 104924
104924 104924 104924 104924 104924 104924 104924 104924
104924 104924 104924 104924 104924 104924 104924 104924
104924 104924 104924 104924 104924 104924 104924 104924
104924 104924 104924 104924 104924 104924 104924 104924
104924 104924 104924 104924 104924 104924 104924 104924
104924 104924 104924 104924 104924 104924 104924 104924
104924 104924 104924 104924 104924 104924 104924 104924
104924 104924 104924 104924 104924 104924 104924 104924
104924 104924 104924 104924 104924 104924 104924 104924
104924 104924 104924 104924 104924 104924 104924 104924
104924 104924 104924 104924 104924 104924 104924 104924
104924 104924 104924 104924 104924 104924 104924 104924
104924 104924 104924 104924 104924 104924 104924 104924
104924 104924 104924 104924 104924 104924 104924 104924
104924 104924 104924 104924 104924 104924 104924 104924
104924 104924 104924 104924 104924 104924 104924 104924
104924 104924 104924 104924 104924 104924 104924 104924
104924 104924 104924 104924 104924 104924 104924 104924
104924 104924 104924 104924 104924 104924 104924 104924
104924 104924 104924 104924 104924 104924 104924 104924
104924 104924 104924 104924 104924 104924 104924 104924
104924 104924 104924 104924 104924 104924 104924 104924
104924 104924 104924 104924 104924 104924 104924 104924
104924 104924 104924 104924 104924 104924 104924 104924
104924 104924 104924 104924 104924 104924 104924 104924
104924 104924 104924 104924 104924 104924 104924 104924
104924 104924 104924 104924 104924 104924 104924 104924
104924 104924 104924 104924 104924 104924 104924 104924
104924 104924 104924 104924 104924 104924 104924 104924
104924 104924 104924 104924 104924 104924 104924 104924
104924 104924 104924 104924 104924 104924 104924 104924
104924 104924 104924 104924 104924 104924 104924 104924
