# energies: f64, 1759 values. See README.md.
values 1759
0 1.0000000000000001e-09 1.0966003168291786e-09 1.2025322548698597e-09 1.3186972516875946e-09 1.4187266741165991e-09 1.5377735243634093e-09 1.686322934028437e-09
1.8492222637319015e-09 2.0127853758499386e-09 2.1564350984967173e-09 2.3647474122330609e-09 2.5931827614757546e-09 2.8555923019901121e-09 3.1183859134470885e-09 3.4196229806817245e-09
3.7499596440519337e-09 4.0513049692353777e-09 4.3729435628037764e-09 4.7953712964467383e-09 5.2586056829970413e-09 5.7476944248353582e-09 6.3236429494458903e-09 6.9345088618769648e-09
7.6043846149890255e-09 8.1544073951851526e-09 8.8677073642502198e-09 9.7243307051852308e-09 1.0663704132257834e-08 1.1568875283162832e-08 1.2435274180821346e-08 1.3636525606546419e-08
1.4953818300588009e-08 1.6413071953751299e-08 1.7982448839920235e-08 1.9719559095221064e-08 2.1624474751551126e-08 2.3285662984981966e-08 2.5216966751575761e-08 2.7652933729248838e-08
3.0324215888750617e-08 3.3035991201283397e-08 3.5362003129318883e-08 3.8777983835325565e-08 4.2523949359814783e-08 4.6869041923141926e-08 5.1136420709629688e-08 5.6076215151690192e-08
6.1493195301924774e-08 6.6494359966650455e-08 7.170911105091968e-08 7.8636233897977269e-08 8.6232519006775434e-08 9.4337322162997736e-08 1.0369738552432549e-07 1.1371458582033303e-07
1.2469945083867627e-07 1.3383887531737592e-07 1.4541587446016881e-07 1.5946309400501316e-07 1.7486727940845888e-07 1.8988078244652613e-07 2.0391812617161085e-07 2.2361668176700087e-07
2.4521812407398276e-07 2.6938893095901752e-07 2.9488270367764347e-07 3.2336846628034859e-07 3.5460596257559651e-07 3.8218926206331151e-07 4.135169464653887e-07 4.5346281450818067e-07
4.9726746605992189e-07 5.4222210065015919e-07 5.9798016723445934e-07 6.557452408468732e-07 7.1909043887190709e-07 7.6926495748791462e-07 8.3855353236305548e-07 9.1955806926755526e-07
1.0083876701016288e-06 1.0913767146512737e-06 1.1759119535528917e-06 1.289505420829322e-06 1.4140720530343805e-06 1.5483652565854991e-06 1.7004672544838818e-06 1.8647329300246719e-06
2.0448667218668577e-06 2.1967070907932351e-06 2.384582133400552e-06 2.6149335229922491e-06 2.8675369298005462e-06 3.1165269449294302e-06 3.3439232281241427e-06 3.6669472714133843e-06
4.0211755396278166e-06 4.4214999073744865e-06 4.8355932888961534e-06 5.3027131326605822e-06 5.8149569013298521e-06 6.2728998581962565e-06 6.7810005342285782e-06 7.4360473342538875e-06
8.1543718626995976e-06 8.899530352885224e-06 9.805895183099465e-06 1.0753147764580611e-05 1.1791905245550071e-05 1.2626001098748577e-05 1.3750904284666545e-05 1.5079245995253041e-05
1.6535905935939642e-05 1.7912844546220058e-05 1.9283029760704956e-05 2.1145776545015579e-05 2.3188465258863095e-05 2.5413430367026391e-05 2.7884877414711981e-05 3.0578565407716026e-05
3.3532464514283223e-05 3.6054711542505062e-05 3.9103240770942573e-05 4.2880626218463365e-05 4.7022908297000504e-05 5.1151780992931451e-05 5.4834863214552732e-05 6.0131928374363317e-05
6.594069170687641e-05 7.2570396123242164e-05 7.9295808685948181e-05 8.6955808928236702e-05 9.5355767620842078e-05 0.00010295755673125128 0.00011119730071100446 0.00012193899519023718
0.00013371834075944603 0.00014606863203649889 0.00016080061783091258 0.00017633400845970637 0.00019336792954467347 0.00020723146452190295 0.00022549230472288339 0.00024727493280165609
0.0002711617696542099 0.00029400480643347078 0.00031621010027899863 0.00034675609615053619 0.00038025284490112788 0.00041711246120565161 0.00045726631099963138 0.00050143838151750649
0.00054987748804240808 0.00059176857481888303 0.0006412290930863315 0.00070317202663855785 0.00077109866719725969 0.00083955786199951202 0.00087198251223985317 0.00092727101899186236
0.001 0.0010813193256377363 0.0011911031332830079 0.0013003213668935003 0.0014259328229151659 0.001563678385385899 0.0016898497868124587 0.0017828927734694197
0.0017830064735730549 0.0017830206860860094 0.0017830348985989636 0.0017830491111119179 0.0017830633236248722 0.0017830775361378265 0.001783091748650781 0.0017831059611637355
0.0017831201736766898 0.0017831485987025986 0.0017831770237285074 0.0017832054487544162 0.001783233873780325 0.0017832622988062337 0.0017832907238321425 0.0017833191488580513
0.0017833475738839601 0.0017834044239357777 0.0017834612739875953 0.0017835181240394129 0.0017835749740912302 0.0017836318241430476 0.0017836886741948652 0.0017837455242466827
0.0017838023742985003 0.0017839160744021355 0.0017840297745057704 0.0017841434746094053 0.0017842571747130405 0.0017843708748166757 0.0017844845749203108 0.001784598275023946
0.0017847119751275809 0.001784939375334851 0.0017851667755421213 0.0017853941757493914 0.0017856215759566615 0.0017858489761639318 0.0017860763763712019 0.001786303776578472
0.0017865311767857424 0.0017869859772002825 0.001787440777614823 0.0017878955780293634 0.0017883503784439036 0.0017888051788584438 0.0017892599792729842 0.0017897147796875246
0.0017901695801020648 0.0017910791809311454 0.001791988781760226 0.0017928983825893066 0.0017938079834183872 0.0017947175842474678 0.0017956271850765484 0.0017965367859056293
0.0017974463867347099 0.0017992655883928713 0.0018010847900510325 0.0018029039917091937 0.0018047231933673549 0.0018065423950255162 0.0018083615966836774 0.0018101807983418386
0.001812 0.0018148633944577706 0.0018177267889155409 0.0018205901833733115 0.0018234535778310821 0.0018263401833733116 0.0018292267889155412 0.001835
0.0018392284090625556 0.0018434568181251113 0.0018476852271876669 0.0018519136362502224 0.0018607068181251112 0.0018695000000000001 0.001878125 0.00188675
0.0018953749999999999 0.0019040000000000001 0.0019127676511471977 0.0019215353022943953 0.0019390706045887905 0.0019543029534415928 0.0019695353022943954 0.0019847676511471979
0.002 0.0020255 0.0020509999999999999 0.0020765000000000002 0.0021020000000000001 0.0021263854393462145 0.0021549999999999998 0.0021814999999999998
0.0022079999999999999 0.0022612100190487127 0.0023210000000000001 0.0023592174839005393 0.0023974349678010784 0.0024380000000000001 0.0024924623115577891 0.002562
0.002627 0.0026919999999999999 0.0027604999999999999 0.0028289999999999999 0.0028915888835719509 0.0029719999999999998 0.0030474999999999999 0.0031229999999999999
0.0032092069922449555 0.0032130002571807998 0.0032139005688684823 0.0032148008805561643 0.0032166015039315288 0.0032184021273068937 0.0032202027506822582 0.0032220033740576227
0.0032238039974329877 0.0032274052441837167 0.0032304422110707148 0.0032334791779577133 0.0032395531117317099 0.0032433404893217471 0.0032471278669117844 0.0032547026220918584
0.0032615269665688942 0.0032683513110459295 0.0032751756555229649 0.0032820000000000002 0.0032969131172849069 0.0033118262345698136 0.0033267393518547203 0.0033416524691396265
0.0033565655864245328 0.0033714787037094395 0.0034013049382792529 0.0034246524691396267 0.0034480000000000001 0.0034874371859296479 0.003511718592964824 0.0035360000000000001
0.0035799999999999998 0.0036240000000000001 0.0036697500000000003 0.0037155000000000001 0.0037612499999999998 0.0038070000000000001 0.0038555000000000004 0.0039040000000000004
0.0040010000000000002 0.0041025000000000002 0.0042040000000000003 0.0043105000000000001 0.0044169999999999999 0.0045262606055102451 0.0046355212110204911 0.0046420000000000003
0.0046447046370119644 0.0046474092740239285 0.0046501139110358934 0.0046528185480478575 0.0046582278220717865 0.0046636370960957147 0.0046696979497431162 0.0046757588033905177
0.0046878805106853197 0.0046964831064388174 0.0047050857021923142 0.0047222908936993095 0.0047394960852063048 0.0047567012767132993 0.0047739064682202938 0.0047911116597272891
0.0048255220427412789 0.0048512610213706396 0.0048770000000000003 0.0049057749414285947 0.0049345498828571883 0.0049920997657143754 0.0049941763318750885 0.0050004060303572269
0.0050253248242857814 0.0050751624121428904 0.0051250000000000002 0.0051853276564563441 0.0052550000000000001 0.0053200000000000001 0.005385 0.0055141060655656627
0.0056579999999999998 0.0058014999999999994 0.0059449999999999998 0.0060618354297960276 0.0060645493099391757 0.0060665847200465361 0.0060686201301538966 0.0060726909503686184
0.0060767617705833402 0.0060808325907980611 0.0060889742312275046 0.0060971158716569473 0.00610525751208639 0.0061161130326589808 0.0061269685532315717 0.0061486795943767533
0.006170390635521935 0.0061921016766671166 0.0062195508383335579 0.0062469999999999999 0.0062866250000000005 0.0063262500000000003 0.006365875 0.0064054999999999997
0.0064847500000000001 0.0065640000000000004 0.0066308904006162333 0.0067050484192873287 0.0067755726289309929 0.0068460968385746579 0.0068979999999999996 0.0070513254707469291
0.0071496627353734646 0.0072480000000000001 0.0073680748242857816 0.0074881496485715631 0.0074961402955358407 0.0075021332807590491 0.0075081262659822566 0.0075201122364286725
0.0075320982068750883 0.0075440841773215042 0.007568056118214336 0.0075920280591071677 0.0076160000000000004 0.0076445910254081817 0.0076731820508163621 0.0077303641016327231
0.0077875461524490848 0.0078447282032654466 0.0078471855750894236 0.0078545576905613562 0.0078840461524490851 0.0080020000000000004 0.0081037499999999998 0.008205500000000001
0.0083072500000000004 0.0084089999999999998 0.0085155000000000005 0.0086220000000000012 0.0088350000000000008 0.0089144638673470996 0.008920237869419801 0.0089245683709743267
0.0089288988725288523 0.0089375598756379054 0.0089548818818560097 0.0089722038880741158 0.0090068479005103244 0.0090414919129465331 0.0090761359253827435 0.0091454239502551625
0.0092147119751275815 0.0092840000000000006 0.0093699052441837162 0.0094558104883674336 0.0096276209767348665 0.0096329409280933864 0.0096489007821689426 0.0097127401984711675
0.0097549999999999998 0.0098775000000000009 0.01 0.01025 0.010340778086122635 0.010346349626039728 0.010354706935915366 0.010363064245791004
0.010379778865542279 0.010396493485293555 0.010429922724796106 0.010496781203801209 0.010563639682806311 0.010630498161811414 0.010697356640816518 0.010701959350765485
0.010715767480612388 0.010770999999999999 0.010907749999999999 0.011044499999999999 0.01118125 0.011318 0.011530869361093406 0.011767092304898171
0.011774899035842036 0.011786609132257833 0.011798319228673628 0.011821739421505221 0.011845159614336815 0.011892 0.011967499999999999 0.012043
0.012194 0.012345 0.012496 0.012644754994690895 0.012813 0.013129999999999999 0.013193406523673706 0.013198978063590799
0.013215692683342075 0.013249121922844626 0.013282551162347177 0.01334940964135228 0.013416268120357384 0.013549985078367591 0.01356434373586559 0.013607419708359585
0.013779723598335568 0.013797 0.013906563633061473 0.013915789201294888 0.013943465905995132 0.014054172724796105 0.014275586362398052 0.014496999999999999
0.014619720742449242 0.014629303230848472 0.014658050696046164 0.014715545626441548 0.014773040556836932 0.0148880304176277 0.015003020278418466 0.015233
0.0156165 0.016 0.016005999999999999 0.016046034961224778 0.016068321120893146 0.016135179599898249 0.016268896557908454 0.016402613515918662
0.016428637671173744 0.016506710136938996 0.016819000000000001 0.017145674590000159 0.017472349180000315 0.017484889856250296 0.017522511885000237 0.017673000000000001
0.017914572864321607 0.01818550628938808 0.018209537146301323 0.018281629717041059 0.01857 0.018898663398775849 0.018920949558444217 0.01898780803744932
0.019255241953469733 0.019271289331377874 0.019319431465102302 0.019512000000000002 0.019549661430912597 0.02 0.020324977617551386 0.020336104016454425
0.02036948321316354 0.020503 0.021023500000000001 0.021544000000000001 0.02175129183632692 0.021773577995995289 0.021840436475000391 0.022107870391020804
0.022130156550689173 0.022197015029694275 0.022464448945714689 0.022475233386607521 0.022507586709286015 0.022637000000000001 0.023177606055102457 0.023187112210491481
0.023215630676658553 0.023329704541326844 0.023786000000000002 0.024 0.024603920273877991 0.024693064912551462 0.024960498828571875 0.024993999999999999
0.026030234492653528 0.026088425869490145 0.026263000000000002 0.026743391602041297 0.026787963921378034 0.026921680879388239 0.027456548711429066 0.027491411533571798
0.027595999999999999 0.027735626141984177 0.027813127266122947 0.027879985745128049 0.02808056118214336 0.0288828629302046 0.028996999999999998 0.030309177148980137
0.030349132861735101 0.030469 0.030665755703674021 0.030754900342347492 0.031022334258367902 0.031066906577704639 0.031200623535714844 0.031735491367755671
0.031801618525816755 0.032000000000000001 0.032016000000000003 0.033161805586531208 0.033184091746199573 0.033250950225204676 0.033518384141225092 0.033549038105918819
0.033640999999999997 0.034588119805306745 0.034632692124643483 0.034766409082653688 0.035301276914694514 0.035312957686020885 0.035347999999999997 0.036014434024082276
0.036036720183750648 0.03610357866275575 0.03637101257877616 0.036383074882232781 0.036419261792602652 0.036564009434082119 0.037143000000000002 0.037440748242857813
0.037463034402526185 0.037529892881531288 0.037797326797551697 0.03886706246163335 0.038907296846225015 0.039028 0.039223641016327235 0.039255048919985061
0.039349272630958533 0.039580219571021119 0.039606455847832303 0.039685164678265841 0.040000000000000001 0.040293376680408888 0.040338165637883332 0.040472532510306664
0.041009999999999998 0.041719690899184425 0.041741977058852797 0.0418088355378579 0.042076269453878309 0.042139690113010914 0.042329952090408733 0.043090999999999997
0.043146005117959955 0.043190577437296693 0.043324294395306898 0.043859162227347724 0.043903734546684461 0.044037451504694666 0.044572319336735493 0.04466146397540896
0.044928897891429377 0.045016423418572031 0.045279 0.04599863355551103 0.04602331115620617 0.046097343958291591 0.046393475166633273 0.047578000000000002
0.047781526328980452 0.047870670967653919 0.048138104883674336 0.048167087619866926 0.048254035828444689 0.048601828662755753 0.049993000000000003 0.050634154766531519
0.050662012466116978 0.050745585564873359 0.051079877959898878 0.052417047540000941 0.052445535655000708 0.052531000000000001 0.053486783204082594 0.053593671753827433
0.053914337403061945 0.055197000000000003 0.055825862688627007 0.056339411641633662 0.056428556280307129 0.056695990196327546 0.056777207114416008 0.057020857868681385
0.057999000000000002 0.059192040079184736 0.059242537574235692 0.05939403005938855 0.059999999999999998 0.060943999999999998 0.060974932852654158 0.061041791331659261
0.061242366768674568 0.062044668516735804 0.06207494490973154 0.062165774088718748 0.062529090804667564 0.064036999999999997 0.064897296954286879 0.064919583113955251
0.064986441592960353 0.065253875508980763 0.065285658704152941 0.065381008289669473 0.065762406631735576 0.067288000000000001 0.067749925391837953 0.067777783091423419
0.0678613561901798 0.068195648585205312 0.069532818165307375 0.069599676644312478 0.069800252081327785 0.070602553829389028 0.070627915372041772 0.070704000000000003
0.073455182266940089 0.073544326905613563 0.073811760821633973 0.073841838270281845 0.073932070616225476 0.074292999999999998 0.076307810704491164 0.076335251162233497
0.076417572535460471 0.076746858028368364 0.078063999999999995 0.078090703477960585 0.078157561956965688 0.078358137393980995 0.079160439142042238 0.07920164050192556
0.080000000000000002 0.082013067579593313 0.082027000000000003 0.082369646134287197 0.082408646913706834 0.082525649251965774 0.082993658605001491 0.084865696017144374
0.084948527516072847 0.085197022012858281 0.086191000000000004 0.086648588790613795 0.086715447269618898 0.086916022706634205 0.087718324454695448 0.087762835010090828
0.087896366676276982 0.088430493341021585 0.090566999999999995 0.090570952892246523 0.090660097530919997 0.090927531446940407 0.090966532226360058 0.091083534564618984
0.091551543917654701 0.093423581329797598 0.093532663316582915 0.093858685997348201 0.095163999999999999 0.095206474103267019 0.095273332582272122 0.095473908019287429
0.096276209767348672 0.099485416759593617 0.099517265712119024 0.099612812569695217 0.099995000000000001 0.10000000000000001 0.10376435941592023 0.10384602445242522
0.10409101956194017 0.105071 0.10804330207224684 0.10808020360236799 0.10819090819273142 0.10863372655418513 0.110405 0.11232224472857344
0.11236548001387515 0.11418774000693757 0.11601 0.11660118738490005 0.11665429383201098 0.11681361317334379 0.11745089053867504 0.12
0.12088013004122666 0.12094380941364999 0.12113484753091999 0.12189899999999999 0.12352903634877663 0.12515907269755328 0.12520482156165402 0.12534206815395621
0.12589105452316496 0.12808700000000001 0.12943801535387989 0.129504873832885 0.1297054492699003 0.13050775101796153 0.13211235451408399 0.13371695801020647
0.13377146063456857 0.13393496850765485 0.13458899999999999 0.13641791337740328 0.13799590066653308 0.13802721471861851 0.13812115687487475 0.13849692549989981
0.14000000000000001 0.14142099999999999 0.1422748433228597 0.14237367389594002 0.14267016561518098 0.14385613249214477 0.14622806624607237 0.14860000000000001
0.15054060480356832 0.15248120960713663 0.15431260480356832 0.15614400000000001 0.1579307464812186 0.15941590374560027 0.16 0.16203499999999998
0.16406999999999999 0.16615225 0.16823450000000001 0.17031675000000002 0.172399 0.17443320564058767 0.17646741128117538 0.17835977996277344
0.17999999999999999 0.18115100000000001 0.18336357281415297 0.1847945217721299 0.18622547073010687 0.18828623536505343 0.19034699999999999 0.19266841797296458
0.1949898359459292 0.19624237695944691 0.19749491797296459 0.1987474589864823 0.20000000000000001 0.20000999999999999 0.20107655204293029 0.2026457311236142
0.20421491020429811 0.20578408928498199 0.20735326836566589 0.20875813418283296 0.21016299999999999 0.21291018690758162 0.21536943690758162 0.21691295793838775
0.21845647896919387 0.22 0.220832 0.22246991494633872 0.22410782989267744 0.22616759492228644 0.22854824483901615 0.22971282989267744
0.232042 0.23448156709676224 0.23586117532257167 0.23724078354838113 0.23999999999999999 0.24180103952964166 0.24382100000000001 0.24658499668119965
0.24934899336239932 0.25277399668119965 0.25619900000000001 0.26000000000000001 0.26386932241837235 0.26617032241837235 0.269204 0.27237813884168288
0.27557005074325452 0.27983778198527592 0.28287000000000001 0.28484588732386401 0.28879766197159201 0.29238766197159199 0.29722999999999999 0.29999999999999999
0.30230254952547514 0.3069076485764255 0.31231799999999998 0.31722627471220638 0.32086999973704566 0.32351768314147089 0.32817299999999999 0.33394791673171009
0.34000000000000002 0.34483200000000003 0.35239331537624252 0.35785080234717637 0.36233700000000002 0.36708611837611654 0.37183523675223307 0.38
0.38073099999999999 0.38942696226078155 0.39541164420219793 0.40005800000000002 0.41081597882306353 0.41999999999999998 0.42036699999999999 0.43032713225353708
0.44170599999999999 0.44714386569173092 0.45522682755073096 0.46000000000000002 0.46412900000000001 0.47549525610426774 0.48769000000000001 0.5
0.51244699999999999 0.5254974166364087 0.53846099999999997 0.54000000000000004 0.55086725925631597 0.56579500000000005 0.57999999999999996 0.59451699999999996
0.60805355767914426 0.621 0.62469699999999995 0.64584244301969918 0.65640900000000002 0.66100000000000003 0.67536550000000006 0.68973099999999998
0.70099999999999996 0.72474499999999997 0.74099999999999999 0.76153499999999996 0.77756638843351444 0.80019399999999996 0.80100000000000005 0.82061093249380734
0.84081499999999998 0.86099999999999999 0.88349800000000001 0.91627390118867313 0.92100000000000004 0.92834799999999995 0.95191099999999995 0.97547399999999995
0.98773699999999998 1 1.0009999999999999 1.0125260960334028 1.024993 1.0375782881002087 1.0501043841336117 1.0626304801670146
1.077026 1.0876826722338204 1.101 1.11635 1.1316999999999999 1.1440501043841336 1.1595257644114267 1.1753653444676408
1.189149 1.2041778402922756 1.2192066805845512 1.233046101293086 1.2495149999999999 1.25 1.2749711122066238 1.2999422244132475
1.3009999999999999 1.3129459999999999 1.3444676409185803 1.3632567849686847 1.379596 1.4133611691022965 1.44963 1.475991649269311
1.5009999999999999 1.523218 1.55741127348643 1.600543 1.6388308977035491 1.6817930000000001 1.7202505219206681 1.7671669999999999
1.7709999999999999 1.8442627085855328 1.856876 1.9018789144050103 1.951138 2 2.0501849999999999 2.154261
2.1709999999999998 2.2200000000000002 2.2636189999999998 2.37853 2.4700000000000002 2.4992730000000001 2.5710000000000002 2.6165046987488236
2.6261459999999999 2.7594590000000001 2.89954 2.9710000000000001 3 3.046732 3.2013959999999999 3.363912
3.5346769999999998 3.7121050090663572 3.7141109999999999 3.9026540000000001 3.9710000000000001 4 4.1007680000000004 4.3089389999999996
4.5276779999999999 4.7575200000000004 4.9710000000000001 4.9990309999999996 5 5.2528009999999998 5.2664623934842805 5.5194539999999996
5.7996429999999997 5.9710000000000001 6.094055 6.4034129999999996 6.7284759999999997 6.9710000000000001 7 7.0700399999999997
7.4289420000000002 7.4716706758680971 7.8060650000000003 7.9710000000000001 8 8.2023309999999992 8.6187140000000007 8.9710000000000001
9 9.0562330000000006 9.5159629999999993 9.9990310000000004 10 10.5 10.506621000000001 10.600258488068825
11 11.039978 11.5 11.60041 12.1 12.189292 12.699999999999999 12.808069
13.300000000000001 13.458256 13.9 14.141450000000001 14.6 14.859325 15 15.038869469554133
15.300000000000001 15.613643 16 16.406253 16.800000000000001 17.239097999999998 17.600000000000001 18.114222000000002
18.399999999999999 19.033771000000002 19.300000000000001 20 20.300000000000001 20.851112737097925 21.199999999999999 21.336045265014107
21.837590121604723 22.300000000000001 22.865336833742504 23.300000000000001 23.947108246137482 24.5 25.600000000000001 26.260406489857047
26.899999999999999 28.199999999999999 29.5 30 30.270016537634678 31 31.578985830046825 32.399999999999999
33.065193725640903 34 35 35.700000000000003 37.399999999999999 39.200000000000003 40 41.100000000000001
42.944879887892725 43 45 45.100000000000001 47.299999999999997 49.600000000000001 50 52
54.5 55 57.100000000000001 59.799999999999997 60 60.927046613686869 62.700000000000003 65
65.700000000000003 68.900000000000006 70 72.200000000000003 75 75.700000000000003 79.400000000000006 80
83.200000000000003 85 86.438826205982622 87.200000000000003 90 91.400000000000006 95 95.799999999999997
100 105 110 116 121 122.63306841775643 125 127
133 140 146 150 153 156.1600262967039 161 166.0614343491676
169 173.98280529303622 177 185 190.67337111464897 194 200 201.38155791332011
202.07233686998018 203.07233686998018 203.69077895666004 204 204.47741992267609 204.95483984535218 205.5913997422536 206.06881966492972
206.54623958760578 207.18279948450723 207.50107943295797 208.13763932985941 208.6150592525355 209.09247917521159 209.58091927831015 210.06935938140867
210.55779948450723 211.04623958760578 211.53467969070434 212.02311979380289 212.51155989690145 213 213.65485427958214 214.30970855916428
215.61941711832853 216.71456283874642 220 221.76257279257382 223.17504852838255 224 225.9840795913008 227.9681591826016
229.29087891013546 230.4681591826016 231.64543945506773 232.82271972753387 234 236.44832112648282 237.37092934560337 239.21614578384447
241.06136222208556 242.90657866032666 244.9145934397236 246 246.83404670686511 250 253.08033784417228 254.7202252294482
258 261.31276879182201 263.33623372261559 267.38316358420275 270 272.86483881844856 275.72967763689712 279.36483881844856
283 286.55566504862219 290.99352961702476 297 300 306.68262592791433 311 316.67031492739329
321.5368786191479 326 328.78691549161874 334.16139633580997 342 347.29872148301138 350.19004614317203 358
366.44149309392992 372.11654306482455 375 380.82923383485013 383.74385075227519 389.82923383485013 393 400
405.58737491015961 412 421.00734861345848 428.004899075639 432 437.24549964912035 444.06993028712026 453
458.98463949568372 464.9692789913675 475 479.48355344735984 486.9672262471683 496.82395947343878 498 500
509.88545865777036 522 534.00841458807099 547 559.14055551070203 573 585.59379662672723 594.59315455339026
600 601 613.15371032507869 621.57685516253935 630 637.22799353725361 647.09669229089025 660
666.19227650373386 677.2884147556008 692 700 704.85740364519177 715.01744687526843 726 737.33711385903757
748.84530775558164 761 784.08835878181299 797 800 821.18400174081455 836 859.83154266220663
876 900 918 930.44577105154849 942.89154210309709 962 972.32442561317589 986.16221280658795
1000 1014.4952080687364 1029.2005271944286 1044.1190029805639 1047.1285480508996 1059.2537251772887 1074.6078283213176 1090.1844923851279
1096.4781961431852 1105.9869434355601 1122.0184543019629 1138.282345254032 1148.1536214968828 1154.7819846894581 1171.5207898315603 1188.502227437019
1202.2644346174131 1205.7298145138739 1223.2071190499314 1240.9377607517197 1258.9254117941675 1277.1737975811434 1295.686697517019 1314.4679457894219
1318.2567385564075 1333.5214321633241 1352.8511027866507 1372.4609610075624 1380.3842646028852 1392.3550682035834 1412.537544622754 1433.0125702369628
1445.4397707459279 1453.7843856076622 1474.8572927641251 1496.2356560944329 1513.5612484362086 1517.9239032493838 1539.9265260594921 1562.2480814652906
1584.893192461114 1607.86654905256 1619.5197291401989 1631.1729092278379 1654.8170999431813 1659.5869074375614 1678.8040181225606 1690.9713248972191
1703.1386316718776 1727.8259805078628 1737.8008287493763 1752.8711776018924 1765.5752938204078 1771.9273519296653 1778.2794100389228 1804.0559400917866
1819.7008586099826 1830.2061063110568 1856.7353246307055 1860.0995452380921 1863.463765845479 1870.1922070602527 1883.6490894898002 1905.4607179632483
1910.9529749704404 1938.6526359522077 1952.7032226177735 1966.753809283339 1995.2623149688789 2024.1840573760612 2053.5250264571459 2083.2912989899996
2089.2961308540389 2113.4890398366479 2144.1245032200713 2175.2040340195222 2187.7616239495519 2206.7340690845899 2238.7211385683399 2271.1718672797665
2290.8676527677726 2304.0929760558447 2337.491283153488 2371.3737056616551 2398.83291901949 2405.7472609339511 2440.6190680419813 2475.9963492497727
2511.8864315095798 2548.2967479793465 2585.2348395621912 2622.7083564681916 2630.2679918953813 2660.7250597988086 2699.2928231542933 2738.4196342643613
2754.2287033381663 2778.1135966425359 2818.3829312644548 2838.80945476748 2859.2359782705053 2884.0315031266059 2900.681198693153 2942.7271762092819
2985.3826189179604 3019.9517204020162 3028.6563611439651 3072.5573652674452 3117.0947235801254 3162.2776601683795 3208.1155328236368 3254.61783498046
3301.7941976827187 3311.3112148259111 3349.6543915782759 3398.2083289425595 3447.4660657314944 3467.3685045253169 3497.4378036641801 3548.133892335753
3599.5648313608949 3630.7805477010138 3651.7412725483769 3704.6740221071577 3758.374042884443 3801.8939632056126 3812.8524566361871 3868.1205463305209
3924.189758484536 3981.0717055349733 4038.7781682432619 4097.3210981354132 4156.7126199773093 4168.6938347033547 4216.9650342858222 4278.0908198763809
4340.1026364474401 4365.1583224016613 4403.0133272024123 4466.8359215096307 4531.5836376008183 4570.8818961487514 4597.2698853087231 4663.9082688444078
4731.5125896148029 4786.3009232263848 4800.0968490811147 4869.6752516586312 4940.2622076585985 5011.8723362727251 5084.5204686009365 5158.221650723056
5232.9911468149467 5248.0746024977234 5308.8444423098845 5385.797247105721 5463.8654988185399 5495.4087385762487 5543.0653660835042 5623.4132519034911
5704.9257970463213 5754.3993733715661 5787.6198834912084 5871.5126379251633 5956.6214352901034 6000 6025.5958607435805 6042.9639023813279
6130.5579214982081 6219.4216341477641 6309.5734448019302 6401.0320247093068 6493.8163157621129 6587.9455344192393 6606.9344800759645 6683.4391756861487
6780.3170171524562 6878.5991230880745 6918.3097091893624 6978.305848598663 7079.457843841381 7182.0760583017091 7244.3596007498982 7286.181745132274
7391.7964655545948 7498.9420933245583 7585.7757502918357 7607.6408192627032 7717.9151558501271 7829.7879418910206 7943.2823472428136 8000
8058.4218776148182 8175.2303794365016 8293.7320447962884 8317.6377110267094 8413.9514164519478 8535.9133929136569 8659.6432336006528 8709.6358995608061
8785.1665640727188 8912.5093813374588 9000 9041.6980592345008 9120.1083935590959 9172.7593538977944 9305.7204092969896 9440.6087628592359
9549.92586021436 9577.4523511724165 9716.279515771057 9857.1190090061591 10000 10471.285480508985 10964.781961431851 11481.536214968841
12022.644346174131 12589.254117941662 13182.567385564074 13803.842646028867 14454.39770745928 15135.612484362071 15848.931924611141 16595.869074375598
17378.008287493762 18197.008586099826 19054.607179632483 19952.623149688789 20892.961308540409 21877.616239495517 22908.676527677748 23988.329190194898
25118.864315095823 26302.679918953814 27542.287033381632 28840.315031266058 30199.517204020191 31622.776601683792 33113.112148259075 34673.685045253165
36307.805477010173 38018.939632056128 39810.717055349691 41686.938347033552 43651.583224016656 45708.818961487515 47863.009232263801 50118.723362727251
52480.746024977227 54954.087385762483 57543.993733715666 60255.958607435809 63095.734448019299 66069.344800759645 69183.097091893622 72443.596007499058
75857.757502918364 79432.823472428208 83176.377110267087 87096.358995607967 91201.08393559097 95499.258602143687 100000 104712.85480508985
109647.81961431851 114815.3621496884 120226.44346174131 125892.54117941661 131825.67385564075 138038.42646028867 144543.97707459281 151356.12484362072
158489.31924611141 165958.69074375631 173780.08287493762 181970.08586099825 190546.07179632483 199526.2314968883 208929.6130854041 218776.16239495517
229086.76527677701 239883.29190194898 251188.6431509582 263026.79918953817 275422.87033381633 288403.15031266055 301995.1720402019 316227.76601683791
331131.1214825908 346736.85045253165 363078.05477010173 380189.39632056124 398107.17055349692 416869.38347033551 436515.83224016655 457088.18961487518
478630.09232263803 501187.23362727248 524807.46024977334 549540.87385762483 575439.93733715662 602559.58607435809 630957.34448019427 660693.44800759642
691830.97091893631 724435.96007498913 758577.57502918353 794328.23472428217 831763.77110267081 870963.58995607961 912010.83935590961 954992.58602143684
1000000 1047128.5480508985 1096478.196143185 1148153.6214968842 1202264.4346174132 1258925.4117941661 1318256.7385564074 1380384.2646028867
1445439.7707459279 1513561.2484362072 1584893.1924611141 1659586.9074375632 1737800.8287493763 1819700.8586099825 1905460.7179632483 1995262.3149688828
2089296.1308540408 2187761.623949552 2290867.65276777 2398832.91901949 2511886.4315095823 2630267.9918953814 2754228.7033381634 2884031.5031266059
3019951.7204020191 3162277.6601683795 3311311.2148259077 3467368.5045253169 3630780.5477010175 3801893.9632056127 3981071.7055349695 4168693.8347033551
4365158.3224016652 4570881.8961487515 4786300.9232263807 5011872.3362727249 5248074.6024977341 5495408.7385762483 5754399.3733715666 6025595.8607435813
6309573.4448019424 6606934.4800759647 6918309.7091893628 7244359.6007498913 7585775.7502918355 7943282.3472428219 8317637.7110267086 8709635.8995607961
9120108.3935590964 9549925.8602143694 10000000 10471285.480509007 10964781.961431852 11481536.214968842 12022644.34617413 12589254.117941663
13182567.385564074 13803842.646028839 14454397.70745928 15135612.484362071 15848931.924611142 16595869.074375596 17378008.287493762 18197008.586099826
19054607.179632481 19952623.149688788 20892961.308540408 21877616.23949552 22908676.527677748 23988329.190194897 25118864.315095823 26302679.918953814
27542287.033381689 28840315.031266056 30199517.204020191 31622776.601683792 33113112.148259144 34673685.045253165 36307805.477010176 38018939.632056125
39810717.055349775 41686938.347033553 43651583.224016562 45708818.961487517 47863009.232263803 50118723.362727247 52480746.02497723 54954087.385762483
57543993.733715668 60255958.607435808 63095734.448019296 66069344.800759643 69183097.091893628 72443596.007499054 75857757.502918363 79432823.472428218
83176377.110267088 87096358.995608136 91201083.935590968 95499258.60214369 100000000 104712854.80508985 109647819.61431828 114815362.14968841
120226443.46174131 125892541.17941713 131825673.85564101 138038426.46028867 144543977.0745928 151356124.84362072 158489319.24611109 165958690.74375564
173780082.87493762 181970085.86099824 190546071.79632521 199526231.49688828 208929613.0854041 218776162.39495519 229086765.276777 239883291.90194851
251188643.15095821 263026799.18953815 275422870.33381748 288403150.31266117 301995172.0402019 316227766.01683795 331131121.48259079 346736850.45253098
363078054.77010179 380189396.32056123 398107170.55349857 416869383.47033638 436515832.24016654 457088189.6148752 478630092.32263803 501187233.62727147
524807460.24977124 549540873.85762477 575439937.33715665 602559586.0743593 630957344.48019433 660693448.00759649 691830970.91893625 724435960.07498908
758577575.02918208 794328234.72428215 831763771.10267091 870963589.95608318 912010839.35591149 954992586.02143693 1000000000
