# rates: f64, 1759 values. See README.md.
values 1759
3.1688590929496691e-18 3.2282584495781929e-18 3.2310613297460973e-18 3.2339964702632342e-18 3.2370701122240487e-18 3.2396079391332567e-18 3.2425185200266836e-18 3.2459942952777421e-18
3.249634083523258e-18 3.2531288560147947e-18 3.2560860562825237e-18 3.2602020498662236e-18 3.2645122674044375e-18 3.2692339766364158e-18 3.2737524676669391e-18 3.2787020987813239e-18
3.2838852924263236e-18 3.2884142430632662e-18 3.2930731465517497e-18 3.2989344813244668e-18 3.3050724017336464e-18 3.3112644798658098e-18 3.3182308241559448e-18 3.3252793076429527e-18
3.3326603992588136e-18 3.3384769664230951e-18 3.3457443140747419e-18 3.354091126241939e-18 3.3628318174766287e-18 3.3708914351759154e-18 3.3783258060317517e-18 3.3882101200711378e-18
3.3985608739854842e-18 3.4095071436487824e-18 3.42075079596173e-18 3.4326371586586999e-18 3.4450844510626595e-18 3.4554901632997592e-18 3.4671489208188915e-18 3.4812248820594573e-18
3.4959651224132619e-18 3.5102718311851117e-18 3.5220941979920584e-18 3.5387631990936732e-18 3.5562188835886609e-18 3.5755224902745612e-18 3.5936406108035423e-18 3.6136862778027883e-18
3.634678047021177e-18 3.6532375469761293e-18 3.671889064616148e-18 3.6956279543627403e-18 3.7204873460769921e-18 3.7458266785133826e-18 3.7737818197301818e-18 3.8023303724790692e-18
3.8322266127877512e-18 3.8560934034290307e-18 3.885222842117656e-18 3.9190324643071479e-18 3.9544383818874266e-18 3.9874542158700548e-18 4.0172021220077046e-18 4.057243516683475e-18
4.099175842796566e-18 4.1439564297065061e-18 4.1890753028735205e-18 4.2372342760984399e-18 4.2876682795880621e-18 4.3303523819350161e-18 4.3770754550895047e-18 4.4341168796174111e-18
4.4938540840944042e-18 4.5524617182785302e-18 4.621933158059573e-18 4.6905492815348395e-18 4.7624103108581261e-18 4.8170842190046828e-18 4.8898115878738653e-18 4.9710995807381125e-18
5.0562349418410317e-18 5.1323975617913447e-18 5.2071785450929256e-18 5.303493604326463e-18 5.4043724956013068e-18 5.5082757961944675e-18 5.6207047719365625e-18 5.7366269160920663e-18
5.8580515622063426e-18 5.9562596224092486e-18 6.0733775241753687e-18 6.2108036221093164e-18 6.3547674777011717e-18 6.4905591737643414e-18 6.6101012543891517e-18 6.7730881817496062e-18
6.9438524145967996e-18 7.1280818294832327e-18 7.3102495842920383e-18 7.5067011381988886e-18 7.7125696461864863e-18 7.8890466380495057e-18 8.0778849203789303e-18 8.3112074628804686e-18
8.5557781873361258e-18 8.798513256322321e-18 9.0809524701943626e-18 9.3627802027245674e-18 9.6583089083166249e-18 9.8864582448843045e-18 1.0183229576513232e-17 1.051884010291191e-17
1.0870933859719831e-17 1.1190126032567642e-17 1.1496763651959366e-17 1.1897193933529451e-17 1.231755268946455e-17 1.2755996426415461e-17 1.3222443151886835e-17 1.3709345571415596e-17
1.4220929423580519e-17 1.4641218005597513e-17 1.5132232027503176e-17 1.571667996895538e-17 1.6331376317200725e-17 1.6920001819699364e-17 1.7427945115268165e-17 1.8132283287588793e-17
1.8873976013338522e-17 1.9686324956548483e-17 2.0478636541792673e-17 2.1346621571189638e-17 2.2262014199498162e-17 2.3061132663536537e-17 2.3901160378277673e-17 2.495802486350158e-17
2.6074183025207114e-17 2.7202257267973609e-17 2.8499618748989261e-17 2.9817072022940873e-17 3.1210181953683493e-17 3.2308191168558364e-17 3.3712857349252028e-17 3.5330909934854475e-17
3.7042455158298107e-17 3.8623776964531488e-17 4.0116733815084995e-17 4.21025921653463e-17 4.4200308971028098e-17 4.6421727380900771e-17 4.8748198193252438e-17 5.1204910651327785e-17
5.3785790804190662e-17 5.5927515082487309e-17 5.8360995017008883e-17 6.1264007042281544e-17 6.427540727109047e-17 6.7135255652909377e-17 6.8434347302093698e-17 7.0561466707657631e-17
7.3201123165736081e-17 7.6763480506584832e-17 8.1478863565757039e-17 8.6081324644779589e-17 9.1285906449169196e-17 9.690558667276848e-17 1.0198882949426784e-16 1.0570539110513639e-16
1.0570991821132825e-16 1.0571048409723175e-16 1.0571104998260853e-16 1.0571161586745858e-16 1.0571218175178192e-16 1.0571274763557858e-16 1.0571331351884857e-16 1.0571387940159191e-16
1.0571444528380857e-16 1.0571557704666203e-16 1.0571670880740899e-16 1.0571784056604966e-16 1.0571897232258408e-16 1.0572010407701238e-16 1.0572123582933467e-16 1.0572236757955101e-16
1.0572349932766156e-16 1.057257628175656e-16 1.0572802629904774e-16 1.0573028977210869e-16 1.0573255323674935e-16 1.0573481669297055e-16 1.0573708014077314e-16 1.0573934358015799e-16
1.057416070111259e-16 1.0574613384781431e-16 1.0575066065084519e-16 1.0575518742022522e-16 1.0575971415596115e-16 1.0576424085805975e-16 1.0576876752652773e-16 1.0577329416137185e-16
1.0577782076259881e-16 1.0578687386422825e-16 1.0579592683146996e-16 1.0580497966437776e-16 1.0581403236300549e-16 1.0582308492740693e-16 1.0583213735763591e-16 1.0584118965374614e-16
1.0585024181579143e-16 1.0586834573790204e-16 1.0588644912439735e-16 1.0590455197570664e-16 1.0592265429225899e-16 1.0594075607448308e-16 1.059588573228074e-16 1.0597695803766005e-16
1.0599505821946878e-16 1.0603125698566449e-16 1.060674536248111e-16 1.061036481403204e-16 1.0613984053559948e-16 1.0617603081405044e-16 1.0621221897907083e-16 1.0624840503405337e-16
1.0628458898238598e-16 1.0635695057262974e-16 1.0642930377681123e-16 1.0650164862186429e-16 1.0657398513464762e-16 1.06646313341945e-16 1.0671863327046579e-16 1.0679094494684497e-16
1.0686324839764359e-16 1.069770362798039e-16 1.0709080395221264e-16 1.0720455151733827e-16 1.0731827907720368e-16 1.0743290838284252e-16 1.0754751756442466e-16 1.0777667596762533e-16
1.0794446558570479e-16 1.0811221300342376e-16 1.0827991853847308e-16 1.0844758250652982e-16 1.0879611613035807e-16 1.0914447414458705e-16 1.0948600138380163e-16 1.0982736488818445e-16
1.1016856719373778e-16 1.1050961080443127e-16 1.1085613491961993e-16 1.1120250016635566e-16 1.1189476414981037e-16 1.1249561930228976e-16 1.1309603028166649e-16 1.1369600953684841e-16
1.1429556925036006e-16 1.1529836697532937e-16 1.1630007661719591e-16 1.1730075066253875e-16 1.1830043979391405e-16 1.19255558115399e-16 1.2037528515318358e-16 1.2141132242981869e-16
1.2244650265117468e-16 1.2452267016961963e-16 1.2685213812381635e-16 1.2833943256621532e-16 1.2982555110782347e-16 1.3140179665764813e-16 1.3351639742612439e-16 1.362140023253011e-16
1.3873368664055447e-16 1.4125199279907084e-16 1.4390485432583902e-16 1.4655707531745976e-16 1.4898021441905016e-16 1.5209352711250992e-16 1.5501735237737782e-16 1.5794226384765499e-16
1.6128381751865134e-16 1.6143090557839738e-16 1.614658168817671e-16 1.6150072846185303e-16 1.6157055245460185e-16 1.6164037756149455e-16 1.6171020378737343e-16 1.6178003113707237e-16
1.6184985961541686e-16 1.6198951997730285e-16 1.6210730048949818e-16 1.622250842763503e-16 1.6246066176560665e-16 1.6260756194279945e-16 1.627544673634885e-16 1.6304829411070553e-16
1.6331303062867107e-16 1.6357778485007594e-16 1.6384255702682523e-16 1.641073474091923e-16 1.6468605363818588e-16 1.6526485056068571e-16 1.6584374070901619e-16 1.6642272658011416e-16
1.6700181063612732e-16 1.6758099530500182e-16 1.6873967602554343e-16 1.6964697362343157e-16 1.70554543957927e-16 1.7208819822669904e-16 1.7303288321975753e-16 1.7397789686940013e-16
1.7569120909500637e-16 1.7740568117849747e-16 1.7918962562402549e-16 1.8097493097577879e-16 1.8276164857321756e-16 1.8454982773598209e-16 1.8644714182161583e-16 1.8834620591042179e-16
1.9214978998080449e-16 1.961379690862518e-16 2.001348787360872e-16 2.0433848048838888e-16 2.085525131058819e-16 2.1288700456603057e-16 2.1723322751790571e-16 2.1749131982372197e-16
2.1759907567848817e-16 2.1770683894466705e-16 2.1781460962707238e-16 2.1792238773050793e-16 2.1813796621963288e-16 2.1835357445026626e-16 2.1859518936849655e-16 2.1883684172593768e-16
2.193202589703705e-16 2.1966342422617161e-16 2.2000666537583819e-16 2.2069337594919555e-16 2.2138039186532353e-16 2.2206771428330793e-16 2.2275534434666702e-16 2.2344328318357478e-16
2.2482009161532889e-16 2.2585076038927621e-16 2.268821311412758e-16 2.2803598944776521e-16 2.291907342478584e-16 2.3150290192933741e-16 2.3158639871867309e-16 2.3183691723284826e-16
2.3283941427292935e-16 2.3484644777871916e-16 2.3685621872964986e-16 2.3929270903782492e-16 2.421116855698917e-16 2.4474656740052071e-16 2.4738626959683848e-16 2.5264381651264863e-16
2.5852649389702866e-16 2.6441747261048478e-16 2.7033313408752624e-16 2.751679939284859e-16 2.7528049689529632e-16 2.7536488002799619e-16 2.7544926822509782e-16 2.7561805981520547e-16
2.7578687167100645e-16 2.7595570379787043e-16 2.7629342888617778e-16 2.7663123512273334e-16 2.769691225498637e-16 2.7741976548845801e-16 2.7787055293948335e-16 2.7877256177014084e-16
2.7967514981591006e-16 2.8057831783732099e-16 2.8172102000969237e-16 2.8286465191272306e-16 2.8451721625441609e-16 2.8617172532150274e-16 2.8782818321191301e-16 2.8948659389047928e-16
2.928092888269375e-16 2.9613983931871793e-16 2.9895710041637361e-16 3.0208703873820661e-16 3.0507004619443844e-16 3.0805934700180977e-16 3.102633886919724e-16 3.1679428584423513e-16
3.2099874164678453e-16 3.2521556691042153e-16 3.3038133901058153e-16 3.3556563911011401e-16 3.3591129842314661e-16 3.3617059687512961e-16 3.3642994158964627e-16 3.3694876982384194e-16
3.3746778316053004e-16 3.3798698163398933e-16 3.3902593412576931e-16 3.4006562756319769e-16 3.4110606220224421e-16 3.4234794474296068e-16 3.4359088240365663e-16 3.4607992463278861e-16
3.4857319183407412e-16 3.5107068671583639e-16 3.5117811017124988e-16 3.5150042741339221e-16 3.5279039960881875e-16 3.5796154523037398e-16 3.6243678659727202e-16 3.669254489020884e-16
3.7142753935797767e-16 3.7594306339418211e-16 3.806837788064406e-16 3.8543921785293662e-16 3.9499426780279618e-16 3.9857405089998981e-16 3.9883448437431798e-16 3.9902983786988902e-16
3.9922521569925593e-16 3.9961604435813533e-16 4.0039799366756258e-16 4.0118033228167878e-16 4.0274617733546263e-16 4.043135793329263e-16 4.0588253807247191e-16 4.0902512489801143e-16
4.1217393590969993e-16 4.1532896898296125e-16 4.1924930363786637e-16 4.2317919418308538e-16 4.3106762109127104e-16 4.3131248811777181e-16 4.3204730866974408e-16 4.3498988221879561e-16
4.3694067457600263e-16 4.4260853331814261e-16 4.4829574690186829e-16 4.599622657472246e-16 4.6421840944837212e-16 4.644799765664067e-16 4.6487240195406236e-16 4.6526491698695148e-16
4.6605021595460848e-16 4.6683587340150439e-16 4.684082634596818e-16 4.7155734230002938e-16 4.7471214903767616e-16 4.7787267911427686e-16 4.8103892788688837e-16 4.8125711088672145e-16
4.8191182235221366e-16 4.8453310445361131e-16 4.9103988589210082e-16 4.9757050749443629e-16 5.0412492594433562e-16 5.1070309681864667e-16 5.2099004163381722e-16 5.3247258153271037e-16
5.3285325922072994e-16 5.334244196482264e-16 5.3399575272312968e-16 5.3513893669279448e-16 5.3628281088463818e-16 5.3857262895165791e-16 5.422692925767934e-16 5.4597311323288817e-16
5.5340219213927795e-16 5.6085979816071917e-16 5.6834586302807464e-16 5.7574838843181811e-16 5.8415391891696943e-16 6.000864486320365e-16 6.0328816360573985e-16 6.0356973533355022e-16
6.0441467973131214e-16 6.0610559966869696e-16 6.0779789381624964e-16 6.1118660163966307e-16 6.1458079699064067e-16 6.2138562538324394e-16 6.2211763599986332e-16 6.2431518065704702e-16
6.3312802168068656e-16 6.340136566401679e-16 6.3963864476123579e-16 6.4011295136816833e-16 6.4153649198033187e-16 6.4723995838713951e-16 6.5869145756989258e-16 6.7020218845497009e-16
6.7660755648887715e-16 6.7710847306308601e-16 6.7861188427658423e-16 6.8162168174885997e-16 6.8463544262159675e-16 6.9067483860747626e-16 6.9673004032946625e-16 7.0888773352704038e-16
7.2930079262703017e-16 7.4988741791702098e-16 7.5002795289528386e-16 7.5096499789673596e-16 7.5148611369868896e-16 7.5304729569204221e-16 7.5615998236088748e-16 7.5925989818506619e-16
7.598617362405718e-16 7.6166439485702284e-16 7.6883273081135765e-16 7.7626036344354248e-16 7.836175400349102e-16 7.8389859656894084e-16 7.8474116172701965e-16 7.8810240737254501e-16
7.9346829055169802e-16 7.9944345806290245e-16 7.9997127822409092e-16 8.0155265165023952e-16 8.0784716590742504e-16 8.1496186820561073e-16 8.1544205612022135e-16 8.1688092490826406e-16
8.2261121264208169e-16 8.2295378873299916e-16 8.2398066175763111e-16 8.2807540992745169e-16 8.2887387006302337e-16 8.383625425994167e-16 8.5884030582113134e-16 8.595443131584458e-16
8.6165748419630944e-16 8.7012737853275705e-16 9.034077437357181e-16 9.3710034706536695e-16 9.5063225411330754e-16 9.5209091533963192e-16 9.5647135258436305e-16 9.7405972282057369e-16
9.7553021879968035e-16 9.7994612410109989e-16 9.9767582791562481e-16 9.9839300146076144e-16 1.0005455486600125e-15 1.0091711161584754e-15 1.0454679366263902e-15 1.0461099919461245e-15
1.048036943143827e-15 1.0557565135950078e-15 1.0868222400999437e-15 1.101494628661748e-15 1.1150996330107748e-15 1.117093491194319e-15 1.1230533090357694e-15 1.1237976072297809e-15
1.1465753757023038e-15 1.1478407674138518e-15 1.151628396565232e-15 1.1619858832044959e-15 1.1629420944392013e-15 1.1658059074057414e-15 1.1771897993895376e-15 1.1779278920601572e-15
1.1801393326380114e-15 1.1830850170912485e-15 1.1847168155500148e-15 1.1861226836572966e-15 1.1903300822532821e-15 1.2070094729738829e-15 1.2093631714596816e-15 1.2360928197327497e-15
1.23689745357898e-15 1.2393081440168249e-15 1.2432547867547873e-15 1.2450386841582123e-15 1.2503747335583228e-15 1.2512618087146206e-15 1.2539191768570555e-15 1.264491447219407e-15
1.2657922426425967e-15 1.2696864377026629e-15 1.2706421965234516e-15 1.3397108170099924e-15 1.3410663460732072e-15 1.34513569322992e-15 1.3614544083030918e-15 1.3633291177960151e-15
1.3689584393221988e-15 1.4273859612726415e-15 1.4301557587865555e-15 1.4384759581101516e-15 1.471918310934967e-15 1.4726515204490475e-15 1.474851884294779e-15 1.5169076142204353e-15
1.5183208435294897e-15 1.5225631811410053e-15 1.5395722122437366e-15 1.5403408793228437e-15 1.5426476531877319e-15 1.5518863279441158e-15 1.589025663340287e-15 1.6082392157877181e-15
1.609680446939216e-15 1.614006739704668e-15 1.6313508394545053e-15 1.7013463095575082e-15 1.7039981591774049e-15 1.7119620217099064e-15 1.7248966500887136e-15 1.7269761980303175e-15
1.7332198861196082e-15 1.7485554252001804e-15 1.7503004560111187e-15 1.7555390529706529e-15 1.7765459172020721e-15 1.7889671519128296e-15 1.7908630942106921e-15 1.7965503335750035e-15
1.8192905322304158e-15 1.8492962688916936e-15 1.8502381410098905e-15 1.8530636169590516e-15 1.8643634209238385e-15 1.8670426235406053e-15 1.8750791063417588e-15 1.9072083018883524e-15
1.9095294264534685e-15 1.9114102032086215e-15 1.9170519917381875e-15 1.939611066242602e-15 1.9414904089134489e-15 1.947127904389759e-15 1.9696699431527618e-15 1.9734257213659085e-15
1.9846909650931338e-15 1.9883771648917918e-15 1.9994337651978731e-15 2.029720920260842e-15 2.0307591311887101e-15 2.0338736085405385e-15 2.0463291934192462e-15 2.0961147706736537e-15
2.1046631341865294e-15 2.1084067876699684e-15 2.119635803491445e-15 2.1208525559802236e-15 2.1245026090376122e-15 2.1390997653810246e-15 2.1974401298014729e-15 2.2243021286284575e-15
2.2254689022116477e-15 2.2289690438286912e-15 2.2429669315201784e-15 2.2989161300212277e-15 2.300107387052048e-15 2.3036809774737477e-15 2.3436275882335817e-15 2.3480928795951047e-15
2.3614862697355785e-15 2.4150229794111191e-15 2.4412496748510268e-15 2.4626570085976303e-15 2.4663720832509718e-15 2.4775156697632164e-15 2.4808993769808075e-15 2.4910491480686791e-15
2.5317754317686718e-15 2.5814060720733487e-15 2.5835057414390638e-15 2.5898042499415565e-15 2.6149908254441951e-15 2.6769457448755069e-15 2.6789840453585097e-15 2.6833914083319285e-15
2.6966279772874992e-15 2.7497908233789152e-15 2.7518037911336381e-15 2.7578456395516734e-15 2.7820571532393865e-15 2.8832951596879765e-15 2.9415918501842398e-15 2.9431071998037996e-15
2.9476548091523126e-15 2.9658686325092069e-15 2.9680357404838178e-15 2.9745402291891082e-15 3.0006055942807617e-15 3.1056217920657575e-15 3.1376557887701778e-15 3.1395911894296551e-15
3.1453997776523782e-15 3.1686698850723156e-15 3.262319945635736e-15 3.267026272597461e-15 3.2811588146709902e-15 3.3378918826850474e-15 3.3396905508012361e-15 3.3450884926346289e-15
3.5422149370621959e-15 3.548664999637299e-15 3.5680386386860486e-15 3.570219729407376e-15 3.5767656665790802e-15 3.6029893470663004e-15 3.7505447727164784e-15 3.7525679794731464e-15
3.7586397814402887e-15 3.7829596834613153e-15 3.880760442646444e-15 3.8827518289417312e-15 3.8877392293413316e-15 3.9027142281793192e-15 3.9628057524451708e-15 3.9658999437072613e-15
4.026014793313589e-15 4.1301755654967824e-15 4.1308967109014534e-15 4.1486332269433004e-15 4.1506521686184688e-15 4.1567091529863779e-15 4.180939474751716e-15 4.2778985477504328e-15
4.2821900515397313e-15 4.2950652605268816e-15 4.3465765082534899e-15 4.3702958464144592e-15 4.3737617803292792e-15 4.3841600276330747e-15 4.4257596736784004e-15 4.4280678732715393e-15
4.4349926672705786e-15 4.4626947638907202e-15 4.573549404695336e-15 4.5737545721234051e-15 4.5783815228127117e-15 4.5922631333546638e-15 4.5942876298140185e-15 4.6003612639452333e-15
4.6246579669555918e-15 4.7218791437078011e-15 4.7275458176175352e-15 4.7444833859255684e-15 4.8123135417962809e-15 4.8145211292615005e-15 4.817996147799118e-15 4.8284216100295154e-15
4.8701295361418014e-15 5.0370571149810188e-15 5.0387145034553829e-15 5.0436867573431823e-15 5.0635770976674825e-15 5.0638373287837788e-15 5.0365552414771602e-15 5.0359760077172024e-15
5.0342414341385995e-15 5.0273496369625731e-15 5.0068889375852043e-15 5.006638984996629e-15 5.0058897137303921e-15 5.0029013919160688e-15 4.9910861958464512e-15 4.9785397206220412e-15
4.9782596246186156e-15 4.9665653151389269e-15 4.9550829812323967e-15 4.9514021724663322e-15 4.9510725723713606e-15 4.9500848030579018e-15 4.9461491102274904e-15 4.9306475532848707e-15
4.9763627419197109e-15 4.9796737416073515e-15 4.9896094901715476e-15 5.0293936418906673e-15 5.1144773120755955e-15 5.1998566810821585e-15 5.2022571904186398e-15 5.2094601018907e-15
5.2382924699854618e-15 5.353951643234104e-15 5.4253688825185815e-15 5.4289082575480598e-15 5.4395292645315992e-15 5.4820564334717544e-15 5.567316834415143e-15 5.6528499353550367e-15
5.6557599476710391e-15 5.6644918546420003e-15 5.6994474880694953e-15 5.7974330389400142e-15 5.8822531884263991e-15 5.883938976305994e-15 5.8889969432037517e-15 5.9092378516224961e-15
5.9903456340804903e-15 6.0531051826361597e-15 6.0908255523791355e-15 6.0951920750513122e-15 6.1082922252886546e-15 6.1607015284201591e-15 6.2655615458192428e-15 6.3704760563610068e-15
6.456352122472285e-15 6.5422636523992093e-15 6.6233725521579264e-15 6.7045122887650352e-15 6.7837032531322886e-15 6.8495492410291483e-15 6.8754511480056775e-15 6.9929863941489216e-15
7.1110263419031449e-15 7.2323251251807105e-15 7.3541436555104586e-15 7.4764776854869646e-15 7.5993230540308529e-15 7.7198238453082097e-15 7.8408050318486275e-15 7.9537787998819247e-15
8.0520309211170711e-15 8.1981738740722275e-15 8.4838922369068278e-15 8.6720542801983356e-15 8.8628897044413894e-15 9.1424507060799687e-15 9.4276422563047395e-15 9.7557129225526777e-15
1.0091064956092405e-14 1.0275056609542492e-14 1.0461200308238285e-14 1.0649507335257286e-14 1.0839988960939776e-14 1.0840253526322448e-14 1.0868432033996207e-14 1.0909751322395928e-14
1.0950907159230742e-14 1.0991901439642336e-14 1.1032736022542654e-14 1.106916070307589e-14 1.1105460127274244e-14 1.1176085766332192e-14 1.1238914363327588e-14 1.1278160606645243e-14
1.1317264159394278e-14 1.1356226543095054e-14 1.1297918726423733e-14 1.118463565365069e-14 1.1073307003330179e-14 1.0936006333838218e-14 1.0780953254561151e-14 1.0706484959316792e-14
1.0560194630888618e-14 1.0410646509944293e-14 1.0327691324759814e-14 1.0245875202607023e-14 1.0085572186448873e-14 1.0156291276878597e-14 1.0235565496717633e-14 1.0343970244707729e-14
1.0452295562872147e-14 1.0586417964880066e-14 1.0720421580798721e-14 1.0868999094898382e-14 1.1116146979234116e-14 1.1264021725999327e-14 1.146000410413974e-14 1.1666298402442943e-14
1.1875017238560138e-14 1.2156060408605898e-14 1.2357107309658736e-14 1.248872319642334e-14 1.2753385827678895e-14 1.2995464402112496e-14 1.3324454083091154e-14 1.3513913467404516e-14
1.362058238822874e-14 1.383398905871517e-14 1.4084827964855657e-14 1.4312495689905584e-14 1.4481572529206095e-14 1.4604464983152436e-14 1.4820610818399531e-14 1.5088860049076181e-14
1.5370124780883832e-14 1.5456346892196644e-14 1.5589819580356228e-14 1.5685084743358574e-14 1.5762740533959761e-14 1.5844317690476294e-14 1.5925260280785677e-14 1.6062972151791537e-14
1.610915200557786e-14 1.6661854737383354e-14 1.7045796681649615e-14 1.7345866740809604e-14 1.8047243518341449e-14 1.8653232396982923e-14 1.8669121072775455e-14 1.9100196628865047e-14
1.9592368062448146e-14 1.9827459409597861e-14 2.0176771515156018e-14 2.0382974709995106e-14 2.0434344902518831e-14 2.0574080664180646e-14 2.0721358718329468e-14 2.0867369671876418e-14
2.1502311255083857e-14 2.2171669704963198e-14 2.2840188642938871e-14 2.2919789297425857e-14 2.3073012006146252e-14 2.328023970198615e-14 2.3474081833829006e-14 2.3838640278830038e-14
2.4175568027408947e-14 2.4495174475927894e-14 2.4749092963957741e-14 2.6222700362962464e-14 2.6972588981087712e-14 2.7301196428522128e-14 2.6922207645091037e-14 2.6556292562289338e-14
2.6277938490780035e-14 2.7081842338450642e-14 2.7630714547029112e-14 2.9669969090858595e-14 3.1324603967955199e-14 3.3754948935981767e-14 3.3843588191016252e-14 3.293275739588669e-14
3.2041582132759018e-14 3.1195616446945216e-14 3.3070270595552049e-14 3.591104894950311e-14 3.6331469730146211e-14 3.6443358438473587e-14 3.6798535082881687e-14 3.7148361835922905e-14
3.7328376435793799e-14 3.7507026056668285e-14 3.7521534875457242e-14 3.7725345202509397e-14 3.7944420060432097e-14 3.816415593962209e-14 3.8381468410778059e-14 3.8597419444989714e-14
3.8843949775598169e-14 3.9025334199164312e-14 3.9250693842365054e-14 3.9652736195497074e-14 4.0053321892734082e-14 4.0374579437770999e-14 4.0775851627925834e-14 4.1185098749959004e-14
4.1540043523610235e-14 4.1925818001911277e-14 4.2310323613510906e-14 4.2663293297327663e-14 4.3081967456283948e-14 4.3094275018494115e-14 4.3726263139935276e-14 4.4354992097736602e-14
4.4381554283857202e-14 4.4677147240691157e-14 4.5453613693828187e-14 4.5914070395673833e-14 4.6313077136395643e-14 4.7133558343550799e-14 4.8008923568114697e-14 4.8641413479003416e-14
4.9238581353902153e-14 4.9563055365019735e-14 5.0057344897362452e-14 5.0672362791871859e-14 5.1210677226793593e-14 5.1806493405085214e-14 5.233273841710404e-14 5.2965999673758401e-14
5.3017323077405822e-14 5.450083003995897e-14 5.4754324604497647e-14 5.5654326840000238e-14 5.6631691158199074e-14 5.7593425574524512e-14 5.857342492786645e-14 6.0581753858130755e-14
6.0901841157171676e-14 6.1690839366257233e-14 6.2387012347612096e-14 6.4194345247820018e-14 6.5606712906323931e-14 6.6054014516170475e-14 6.7140750989937166e-14 6.7837942941416263e-14
6.7985018443829513e-14 6.9996419392625765e-14 7.2067336624234371e-14 7.3107911430770543e-14 7.3490950245699568e-14 7.4104616006084083e-14 7.6105211954039267e-14 7.8159825069145241e-14
8.0269893659491903e-14 8.2412974527827507e-14 8.2436930183817008e-14 8.4662471479353089e-14 8.5456902161389896e-14 8.5838149173263051e-14 8.7154627179436138e-14 8.9835141054159539e-14
9.2598100293979599e-14 9.544602213089219e-14 9.8043705952836625e-14 9.8419330425584532e-14 9.8432303269796234e-14 1.0178988019047267e-13 1.0196983281906691e-13 1.0527586717029951e-13
1.0888123156723922e-13 1.110586992938934e-13 1.1254516552907979e-13 1.1623671667817499e-13 1.200493593111408e-13 1.2285223315649104e-13 1.2313378700415371e-13 1.2381163814439906e-13
1.2723885024144651e-13 1.2764187590056439e-13 1.3076094340627528e-13 1.3227727973823611e-13 1.3252768591606714e-13 1.3426278480629736e-13 1.3777012822040388e-13 1.4067461662521876e-13
1.4103770492114329e-13 1.4174108802351824e-13 1.4745917387051122e-13 1.5340793578955177e-13 1.534198095739845e-13 1.6117832036571521e-13 1.6130828628389755e-13 1.6314876809357381e-13
1.710565083373736e-13 1.719159259786557e-13 1.8188996013089987e-13 1.8400762270321677e-13 1.9463382866875194e-13 1.9600798950618298e-13 2.0385929563406449e-13 2.0519931073917952e-13
2.112670846815227e-13 2.1274752775848214e-13 2.1684264240456302e-13 2.1896981030901315e-13 2.2296677866203557e-13 2.2501849975750164e-13 2.2612430303850897e-13 2.2642896579172285e-13
2.2846601485905605e-13 2.3080451248952566e-13 2.3365322070789154e-13 2.3646840484222901e-13 2.3916238115741593e-13 2.4168679198770177e-13 2.4373323689688816e-13 2.4695521382922452e-13
2.4872433493670567e-13 2.5279970092783318e-13 2.5449056720504773e-13 2.5777503759024024e-13 2.5916014379470512e-13 2.6320464608882565e-13 2.6574176294427424e-13 2.6665837826273412e-13
2.700144858412265e-13 2.7307732119183126e-13 2.7684192797332395e-13 2.7970776812976848e-13 2.8384742404063677e-13 2.8734343641880863e-13 2.92589533990618e-13 2.9511872025666877e-13
2.9752835964697133e-13 3.0192883012310393e-13 3.0638159107447074e-13 3.0781785469185049e-13 3.0858631012342679e-13 3.1063933001579608e-13 3.1188717615909989e-13 3.1362626826177069e-13
3.1519077863278735e-13 3.173497134581922e-13 3.1938573816073523e-13 3.2078413061266681e-13 3.2361754003653105e-13 3.2687699921188358e-13 3.2796905865212212e-13 3.294412303335157e-13
3.3130373398780813e-13 3.3135829913083214e-13 3.3304696193509662e-13 3.331296318368122e-13 3.3527947722976153e-13 3.370068730372021e-13 3.3700646740773656e-13 3.3700446359278074e-13
3.3646834738680728e-13 3.3636717951225938e-13 3.3595237828573654e-13 3.3551315672770241e-13 3.355488932303065e-13 3.3571304410434873e-13 3.3602033390161657e-13 3.3658172359567749e-13
3.3674881597075476e-13 3.3796071563656782e-13 3.383222598913772e-13 3.3902970047349961e-13 3.3983410413457356e-13 3.4003079378468496e-13 3.4062277956893661e-13 3.4077256891518686e-13
3.4155396949015985e-13 3.4207407522063817e-13 3.4248250074933244e-13 3.4269601548438128e-13 3.4276515106246886e-13 3.427989050780758e-13 3.4090404328743171e-13 3.4049409840377602e-13
3.4004968115623866e-13 3.4169690782718097e-13 3.4094828253911413e-13 3.3990228178618389e-13 3.3925958497180124e-13 3.3938258816924066e-13 3.3955804727790411e-13 3.397037870670927e-13
3.4037872213504357e-13 3.4128028363610451e-13 3.4106044721369438e-13 3.4020199146637919e-13 3.3957437883567233e-13 3.3896872988620701e-13 3.3806641212325007e-13 3.3665810964992529e-13
3.3586261433627552e-13 3.326460031048126e-13 3.3075725032820923e-13 3.2575135072353638e-13 3.2228853207866876e-13 3.2032224841078301e-13 3.1794144277054599e-13 3.1740580487711395e-13
3.171396968967379e-13 3.1675646596150997e-13 3.1652063250613405e-13 3.1640304948128333e-13 3.1622567553433907e-13 3.1604881381421892e-13 3.158137903759411e-13 3.1563811351022742e-13
3.1546294005515408e-13 3.1523015403703135e-13 3.15114092988125e-13 3.1488263101767208e-13 3.1470960918834168e-13 3.1453707711392222e-13 3.1436106675410087e-13 3.1418556374464501e-13
3.1401056544762521e-13 3.13836069244912e-13 3.1366207253796848e-13 3.1348857274767519e-13 3.133155673141235e-13 3.1314305369644893e-13 3.1293565192792626e-13 3.1272902069430213e-13
3.1231804905760729e-13 3.119767251411152e-13 3.1096519016713517e-13 3.1043005219780919e-13 3.1000492223349056e-13 3.0975813511771142e-13 3.0902195600397647e-13 3.0829393109777791e-13
3.0781303199399712e-13 3.0738796083022259e-13 3.0696563531832594e-13 3.0654602389394771e-13 3.061290955128777e-13 3.0526653513618013e-13 3.0494443108927689e-13 3.0430496654607456e-13
3.0367173489818189e-13 3.0304462834117806e-13 3.0236903052876742e-13 3.0200676639232956e-13 3.021602321853385e-13 3.0273877808193615e-13 3.0329571556814883e-13 3.0358986086654058e-13
3.041733410508864e-13 3.0343362200658222e-13 3.0298725897681466e-13 3.0210664235186094e-13 3.0154560851850244e-13 3.0097080326122428e-13 3.0040306696046408e-13 2.9969259943634931e-13
2.9899294444555192e-13 2.9867201962385299e-13 2.9827745701088652e-13 2.9775367069304081e-13 2.9771057518866532e-13 2.9761608261505592e-13 2.9755610538543078e-13 2.9720462370171845e-13
2.9690823449017398e-13 2.9664055986762802e-13 2.9559828422266007e-13 2.9362309264422233e-13 2.9082137821300215e-13 2.8897348060190583e-13 2.8798186571530175e-13 2.8536021773017585e-13
2.8376774025494302e-13 2.8272245903404875e-13 2.8219888979728944e-13 2.8132951791197279e-13 2.8090078542807053e-13 2.8001807723719731e-13 2.7956465747527081e-13 2.7872499579530418e-13
2.7806699356164584e-13 2.7732471899795619e-13 2.7454797717055209e-13 2.7245014005978406e-13 2.7127480361902666e-13 2.6979946617024835e-13 2.6791802565625367e-13 2.6551848477111515e-13
2.6399435143293976e-13 2.6249851288495533e-13 2.6005242713342444e-13 2.5904300153746223e-13 2.5738748372527597e-13 2.5526103518575111e-13 2.5501129996582335e-13 2.5467499556055616e-13
2.5303856751474644e-13 2.5108963601317449e-13 2.4935135452222409e-13 2.4752720568009948e-13 2.4581329196941217e-13 2.4391551575614798e-13 2.4176327871630706e-13 2.4026477397036916e-13
2.3937970895008374e-13 2.3921724338593833e-13 2.372012959920808e-13 2.3583714343759907e-13 2.3449900188811582e-13 2.3344483027581956e-13 2.3203211443554369e-13 2.302296120308026e-13
2.294903145664406e-13 2.2818833258206841e-13 2.2650559112674476e-13 2.2565642940874589e-13 2.2514708141673804e-13 2.2409656595541439e-13 2.2298300152688508e-13 2.2187238384166072e-13
2.2076780679019397e-13 2.1962522835077345e-13 2.1769063936524568e-13 2.1664056973877345e-13 2.1643060446297571e-13 2.1497552702490419e-13 2.1398552923972359e-13 2.1241226227893252e-13
2.1137578150231588e-13 2.0913079887231429e-13 2.0750102847155451e-13 2.0613798115639242e-13 2.0480177232510733e-13 2.028004871382702e-13 2.0179088268292387e-13 2.0046207492879572e-13
1.9916029604475924e-13 1.9788116077182497e-13 1.9673601871472674e-13 1.9559744271001858e-13 1.9537051207288061e-13 1.9446539459125825e-13 1.9338058308900318e-13 1.9230384584377803e-13
1.9187481382173995e-13 1.9123304078057786e-13 1.9009351622929935e-13 1.8893577815731597e-13 1.882444915255002e-13 1.8778502648853323e-13 1.8648343321862192e-13 1.8511935832551713e-13
1.8403523839413256e-13 1.837651952329712e-13 1.8243426608819012e-13 1.8117251643020427e-13 1.7991942578448239e-13 1.7867493423135151e-13 1.7773947257780729e-13 1.7686313736886217e-13
1.7668838110821736e-13 1.7599105298504304e-13 1.7514574331299406e-13 1.7431581635541691e-13 1.7398492760752312e-13 1.7348975007371473e-13 1.7276511486637634e-13 1.7210314583143733e-13
1.7170714690956968e-13 1.7144363901080798e-13 1.707950549649637e-13 1.7017722610914303e-13 1.6968451741591219e-13 1.6956155557304377e-13 1.6894803500487146e-13 1.6960427062712489e-13
1.7026722381924328e-13 1.7093268662121036e-13 1.7126756324220022e-13 1.7113281491582014e-13 1.7082221403999274e-13 1.7076015135420597e-13 1.705120917681555e-13 1.7033050183522055e-13
1.6985064145361376e-13 1.6889146644733742e-13 1.6850929029937089e-13 1.6793762055106232e-13 1.674609802152528e-13 1.6708935244482091e-13 1.6641139197566877e-13 1.6371247968911628e-13
1.6211414623631678e-13 1.6105725161192038e-13 1.5844500086262535e-13 1.5812547252751693e-13 1.5800539755404151e-13 1.5776616464460475e-13 1.5729132998087176e-13 1.5653179322483176e-13
1.563424738543331e-13 1.553992521932081e-13 1.550518245904913e-13 1.5522523650421241e-13 1.555738289739376e-13 1.5592311057169806e-13 1.5627314764100345e-13 1.5662395224168564e-13
1.5669419585416803e-13 1.5697544586583609e-13 1.5725848403279892e-13 1.5709421713081581e-13 1.5702852972143662e-13 1.5693001907625291e-13 1.5676588853928703e-13 1.5665308053440754e-13
1.5660188167570285e-13 1.5656773684125383e-13 1.5648233118893718e-13 1.5626710869966572e-13 1.5603398024160382e-13 1.5597574127248678e-13 1.5568480450409206e-13 1.5537929388026846e-13
1.5500039406537063e-13 1.5462230149670175e-13 1.542450131070809e-13 1.5390972117745182e-13 1.5384394445189156e-13 1.5358106987071914e-13 1.5325299789265055e-13 1.5292369525775445e-13
1.5279186321759073e-13 1.5259429033529103e-13 1.5226546799839201e-13 1.5210068404520686e-13 1.5169927123754347e-13 1.5119947087433302e-13 1.5086715970846124e-13 1.5003948197690457e-13
1.4921103904431613e-13 1.4852274382335437e-13 1.4835115329636296e-13 1.4749608903861066e-13 1.4664581812616639e-13 1.4584462192175732e-13 1.4505071624102043e-13 1.4426099354656777e-13
1.436651298809914e-13 1.4356472201550491e-13 1.431637348768329e-13 1.4266394669003537e-13 1.4216169938076554e-13 1.4195828244871812e-13 1.4165365853894689e-13 1.4114728558518791e-13
1.4064257351625658e-13 1.4035421694059387e-13 1.4016240663638643e-13 1.3968391986441674e-13 1.3920691240746604e-13 1.3884312577623727e-13 1.3875384714770615e-13 1.3830821950105097e-13
1.378638637766614e-13 1.3743195070392691e-13 1.3701054997041474e-13 1.3659027671962048e-13 1.3619189939725358e-13 1.3612302455286855e-13 1.358478055582383e-13 1.3550441068828993e-13
1.3516171438250485e-13 1.350255376438484e-13 1.3482147707928171e-13 1.344819198190832e-13 1.3414303927974778e-13 1.3406609420644297e-13 1.3408925071739817e-13 1.3414703062293373e-13
1.3420464915504377e-13 1.3424898606922516e-13 1.3425907995901466e-13 1.3430944531654133e-13 1.3435963503542699e-13 1.3432614184841602e-13 1.3387016130083311e-13 1.3341552712298673e-13
1.3296223327060011e-13 1.3287173480758748e-13 1.3251027370372669e-13 1.3205964238662325e-13 1.3161033328762415e-13 1.3143097851875525e-13 1.311623403790149e-13 1.3071565763691106e-13
1.3027027904112908e-13 1.3000367537084225e-13 1.298261985750665e-13 1.2938341022557886e-13 1.2894190798285846e-13 1.2871978832664733e-13 1.28483616900795e-13 1.2832412798501608e-13
1.2752903531450172e-13 1.2673786374843418e-13 1.2595061476847069e-13 1.2516728956571607e-13 1.2438788904115696e-13 1.2361241380626013e-13 1.2345778982751042e-13 1.2284086418371453e-13
1.2207324020833733e-13 1.2130954162813232e-13 1.2100516119583618e-13 1.2054976790547083e-13 1.1979391821843637e-13 1.1904199146228811e-13 1.1859271785051162e-13 1.182939862510638e-13
1.1754990091929789e-13 1.1680973352388187e-13 1.1622041903990012e-13 1.1607348184601952e-13 1.1534114339330615e-13 1.1461271540191951e-13 1.1388819483891822e-13 1.135314358345099e-13
1.1316757840462072e-13 1.1245086253510241e-13 1.1173804340477573e-13 1.1159594683249773e-13 1.1102911692905696e-13 1.1032407876711457e-13 1.096229243247066e-13 1.0934354891233553e-13
1.0892564875707516e-13 1.0823224697193964e-13 1.0776376931656379e-13 1.0754271363252319e-13 1.0713084817225355e-13 1.0685704316067248e-13 1.0617522974002125e-13 1.0549726731920911e-13
1.0495766588791855e-13 1.0482314961516151e-13 1.041528701164116e-13 1.0348642208646686e-13 1.0282379856721981e-13 1.0072901905832773e-13 9.8673077703183876e-14 9.6655703525041571e-14
9.4676605439539178e-14 9.2735473479639477e-14 9.0831980025702123e-14 8.8965781032781772e-14 8.7136517248127234e-14 8.5343815412631878e-14 8.358728944081246e-14 8.1866541574569535e-14
8.0181163506711314e-14 7.8530737470839779e-14 7.691483729479013e-14 7.533302941535383e-14 7.3784873852507909e-14 7.2269925141814634e-14 7.0787733224054917e-14 6.9337844291519289e-14
6.7919801590683086e-14 6.6533146181286708e-14 6.5177417652069746e-14 6.3852154793617955e-14 6.2556896228969671e-14 6.1291181002766319e-14 6.0054549129864998e-14 5.8846542104432235e-14
5.766670337061689e-14 5.6514578755969501e-14 5.5389716868817346e-14 5.4291669460842088e-14 5.3219991756125785e-14 5.2174242747942204e-14 5.1153985464570749e-14 5.0158787205403573e-14
4.9188219748605322e-14 4.8241859531561916e-14 4.7319287805338862e-14 4.6420090764338093e-14 4.5543859652317987e-14 4.4690190845911661e-14 4.385868591674892e-14 4.3048951673256283e-14
4.2260600183185001e-14 4.1493248777884686e-14 4.074652003931788e-14 4.0020041770787024e-14 3.9313446952323553e-14 3.862637368167215e-14 3.7958465101788693e-14 3.7309369315757911e-14
3.6678739290031245e-14 3.6066232746879528e-14 3.5471512046956161e-14 3.4894244062869036e-14 3.433410004466705e-14 3.3790755478156965e-14 3.3263889936979684e-14 3.2753186929391957e-14
3.2258333740717914e-14 3.1779021272455559e-14 3.1314943879044987e-14 3.0865799203329508e-14 3.0431288011761649e-14 3.001111403043008e-14 2.9604983783002383e-14 2.9212606431697567e-14
2.8833693622415867e-14 2.8467959335162783e-14 2.8115119740908278e-14 2.7774893066018681e-14 2.7446999465387222e-14 2.7131160905369602e-14 2.682710105759964e-14 2.6534545204718629e-14
2.625322015899937e-14 2.5982854194778739e-14 2.5723176995534835e-14 2.5473919616351555e-14 2.5234814462408542e-14 2.5005595284015595e-14 2.4785997188579735e-14 2.4575756669749925e-14
2.4374611653831604e-14 2.4182301563400965e-14 2.3998567397879038e-14 2.3823151830651364e-14 2.3655799322141864e-14 2.3496256248071801e-14 2.3344271041960066e-14 2.3199594350751955e-14
2.3061979202302422e-14 2.2931181183291133e-14 2.2806958626011011e-14 2.2689072802354676e-14 2.2577288123224042e-14 2.2471372341512016e-14 2.2371096756751532e-14 2.2276236419498089e-14
2.2186570333509152e-14 2.2101881653805881e-14 2.2021957878751045e-14 2.1946591034350108e-14 2.187557784907868e-14 2.1808719917658807e-14 2.1745823852343843e-14 2.1686701420427459e-14
2.1631169666861568e-14 2.1579051021047975e-14 2.1530173387057242e-14 2.148437021672019e-14 2.1441480565231179e-14 2.1401349129093631e-14 2.1363826266424258e-14 2.132876799981027e-14
2.1296036002081418e-14 2.1265497565513299e-14 2.1237025555118266e-14 2.1210498346804617e-14 2.1185799751291965e-14 2.1162818924760058e-14 2.1141450267280788e-14 2.1121593310137004e-14
2.1103152593169462e-14 2.1086037533313443e-14 2.1070162285493054e-14 2.1055445597031438e-14 2.1041810656714489e-14 2.1029184939612185e-14 2.1017500048719075e-14 2.1006691554424226e-14
2.0996698832763018e-14 2.0987464903339652e-14 2.0978936267742406e-14 2.0971062749203273e-14 2.0963797334182985e-14 2.0957096016490426e-14 2.0950917644475155e-14 2.0945223771762005e-14
2.0939978511930336e-14 2.0935148397476008e-14 2.093070224333363e-14 2.092661101517982e-14 2.0922847702684629e-14 2.0919387197830207e-14 2.0916206178370525e-14 2.0913282996465842e-14
2.0910597572489333e-14 2.0908131293971425e-14 2.0905866919618667e-14 2.0903788488320237e-14 2.0901881233033551e-14 2.0900131499423775e-14 2.0898526669116454e-14 2.0897055087411917e-14
2.0895705995300271e-14 2.089446946560929e-14 2.0893336343113055e-14 2.0892298188426053e-14 2.0891347225506609e-14 2.0890476292593656e-14 2.0889678796402404e-14 2.088894866940721e-14
2.088828033004301e-14 2.0887668645661569e-14 2.0887108898083042e-14 2.0886596751588702e-14 2.0886128223206934e-14 2.0885699655149658e-14 2.0885307689263145e-14 2.0884949243363126e-14
2.0884621489330324e-14 2.0884321832848884e-14 2.0884047894676336e-14 2.0883797493339738e-14 2.0883568629158646e-14 2.0883359469501195e-14 2.088316833518549e-14 2.0882993687943428e-14
2.0882834118869628e-14 2.0882688337782866e-14 2.0882555163432311e-14 2.0882433514485139e-14 2.0882322401236691e-14 2.0882220917987902e-14 2.0882128236039082e-14 2.0882043597252394e-14
2.0881966308138739e-14 2.0881895734428226e-14 2.0881831296086041e-14 2.0881772462738658e-14 2.0881718749477616e-14 2.0881669713010867e-14 2.0881624948133733e-14 2.0881584084493611e-14
2.0881546783624918e-14 2.0881512736232048e-14 2.0881481659700239e-14 2.0881453295815732e-14 2.0881427408677906e-14 2.0881403782787697e-14 2.0881382221297628e-14 2.0881362544410142e-14
2.0881344587911855e-14 2.0881328201832362e-14 2.0881313249217299e-14 2.0881299605005993e-14 2.0881287155004974e-14 2.0881275794949213e-14 2.08812654296438e-14 2.0881255972179163e-14
2.0881247343213675e-14 2.0881239470317846e-14 2.0881232287374986e-14 2.0881225734033468e-14 2.0881219755206168e-14 2.0881214300613107e-14 2.088120932436363e-14 2.0881204784574607e-14
2.0881200643021694e-14 2.0881196864820869e-14 2.08811934181374e-14 2.0881190273920147e-14 2.088118740565888e-14 2.0881184789162692e-14 2.0881182402357593e-14 2.0881180225101769e-14
2.0881178239016847e-14 2.088117642733388e-14 2.0881174774752704e-14 2.0881173267313566e-14 2.0881171892279979e-14 2.088117063803164e-14 2.0881169493966895e-14 2.0881168450413535e-14
2.088116749854747e-14 2.0881166630318493e-14 2.0881165838382491e-14 2.0881165116039638e-14 2.0881164457177901e-14 2.0881163856221581e-14 2.0881163308084298e-14 2.088116280812611e-14
2.0881162352114351e-14 2.0881161936187947e-14 2.088116155682482e-14 2.0881161210812138e-14 2.0881160895219217e-14 2.0881160607372742e-14 2.0881160344834223e-14
