# angular_offsets: u32, 2060 values. See README.md.
values 2060
0 659 1318 1977 2636 3295 3954 4613
5272 5931 6590 7249 7908 8567 9226 9885
10544 11203 11862 12521 13180 13839 14498 15157
15816 16475 17134 17793 18452 19111 19770 20429
21088 21747 22406 23065 23724 24383 25042 25701
26360 27019 27678 28337 28996 29655 30314 30973
31632 32291 32950 33609 34268 34927 35586 36245
36904 37563 38222 38881 39540 40199 40858 41517
42176 42835 43494 44153 44812 45471 46130 46789
47448 48107 48766 49425 50084 50743 51402 52061
52720 53379 54038 54697 55356 56015 56674 57333
57992 58651 59310 59969 60628 61287 61946 62605
63264 63923 64582 65241 65900 66559 67218 67877
68536 69195 69854 70513 71172 71831 72490 73149
73808 74467 75126 75785 76444 77103 77762 78421
79080 79739 80398 81057 81716 82375 83034 83693
84352 85011 85670 86329 86988 87647 88306 88965
89624 90283 90942 91601 92260 92919 93578 94237
94896 95555 96214 96873 97532 98191 98849 99507
100164 100821 101478 102134 102790 103446 104102 104758
105414 106070 106726 107382 108038 108694 109349 110004
110659 111314 111969 112624 113279 113934 114589 115244
115899 116554 117209 117864 118519 119174 119829 120484
121139 121794 122449 123104 123759 124414 125069 125724
126379 127034 127689 128344 128999 129654 130309 130964
131619 132274 132929 133584 134239 134894 135549 136204
136859 137514 138169 138824 139479 140134 140789 141444
142099 142754 143409 144064 144719 145374 146029 146684
147338 147992 148646 149300 149954 150608 151262 151916
152570 153224 153877 154530 155183 155836 156489 157142
157795 158448 159101 159754 160407 161060 161713 162366
163019 163672 164325 164978 165631 166284 166937 167590
168243 168896 169549 170202 170855 171508 172161 172814
173467 174120 174773 175426 176079 176732 177385 178038
178691 179344 179997 180650 181303 181956 182609 183262
183915 184568 185221 185873 186525 187177 187828 188479
189130 189780 190430 191080 191730 192380 193030 193680
194330 194980 195630 196280 196930 197580 198230 198880
199530 200180 200830 201480 202130 202780 203430 204080
204730 205380 206030 206680 207330 207980 208630 209280
209930 210580 211230 211880 212530 213180 213830 214480
215130 215780 216430 217080 217730 218380 219030 219680
220330 220980 221630 222280 222930 223580 224230 224880
225530 226180 226830 227480 228130 228780 229430 230080
230730 231380 232030 232680 233330 233980 234630 235280
235930 236580 237230 237880 238530 239180 239830 240480
241130 241780 242430 243080 243730 244380 245030 245680
246330 246980 247630 248280 248930 249580 250230 250880
251530 252180 252830 253480 254130 254779 255428 256077
256726 257375 258024 258673 259322 259971 260620 261268
261916 262564 263212 263860 264508 265156 265804 266452
267100 267748 268396 269044 269692 270340 270988 271635
272282 272929 273576 274223 274870 275517 276164 276811
277458 278105 278752 279399 280046 280693 281340 281987
282634 283281 283928 284575 285222 285869 286516 287163
287810 288457 289104 289751 290398 291045 291692 292339
292986 293633 294280 294927 295574 296221 296868 297515
298162 298809 299456 300103 300750 301397 302044 302691
303338 303985 304632 305279 305926 306573 307220 307867
308514 309161 309808 310455 311102 311749 312396 313043
313690 314337 314984 315631 316278 316925 317572 318219
318866 319513 320160 320807 321454 322101 322748 323395
324042 324689 325336 325983 326630 327277 327924 328571
329218 329865 330512 331159 331806 332453 333100 333747
334394 335041 335688 336335 336982 337629 338276 338923
339570 340217 340864 341511 342158 342805 343452 344099
344746 345393 346040 346687 347334 347981 348628 349275
349922 350568 351214 351860 352506 353152 353798 354444
355090 355736 356382 357028 357674 358320 358966 359612
360258 360903 361548 362193 362838 363483 364128 364773
365418 366063 366708 367353 367998 368643 369288 369933
370578 371223 371868 372513 373157 373801 374445 375089
375733 376377 377021 377665 378309 378953 379597 380241
380885 381529 382173 382817 383461 384105 384749 385393
386037 386681 387325 387969 388613 389257 389901 390545
391189 391833 392477 393121 393765 394409 395053 395697
396341 396985 397629 398273 398917 399561 400205 400849
401493 402137 402781 403425 404069 404713 405357 406001
406645 407289 407933 408577 409221 409865 410509 411153
411797 412441 413085 413729 414373 415017 415661 416305
416949 417593 418237 418881 419525 420169 420813 421457
422101 422745 423389 424033 424677 425321 425965 426609
427253 427897 428541 429185 429829 430473 431117 431761
432405 433049 433693 434337 434981 435625 436269 436913
437557 438201 438845 439489 440133 440777 441421 442065
442709 443353 443997 444641 445285 445929 446573 447217
447861 448505 449149 449793 450437 451081 451725 452369
453013 453657 454301 454945 455589 456233 456877 457521
458165 458809 459453 460097 460741 461385 462029 462673
463317 463961 464605 465249 465893 466537 467181 467825
468469 469113 469757 470401 471045 471689 472333 472977
473621 474265 474909 475553 476197 476841 477485 478129
478773 479417 480061 480705 481349 481993 482637 483281
483925 484569 485213 485857 486501 487145 487789 488433
489077 489721 490365 491009 491653 492297 492941 493585
494229 494873 495517 496161 496805 497449 498093 498737
499381 500025 500669 501313 501957 502601 503245 503889
504533 505177 505821 506465 507109 507753 508397 509041
509684 510327 510970 511613 512256 512899 513542 514185
514828 515471 516114 516757 517400 518043 518686 519329
519972 520615 521258 521901 522544 523187 523830 524473
525116 525759 526402 527045 527688 528331 528973 529615
530257 530899 531541 532183 532825 533467 534109 534751
535393 536035 536677 537319 537961 538603 539245 539887
540529 541171 541813 542455 543097 543739 544381 545023
545665 546307 546949 547591 548233 548875 549517 550159
550801 551443 552085 552727 553369 554011 554653 555295
555937 556579 557220 557861 558502 559143 559784 560425
561066 561707 562348 562989 563630 564271 564912 565553
566194 566835 567476 568117 568758 569399 570040 570681
571322 571963 572604 573245 573886 574527 575168 575809
576450 577091 577732 578373 579014 579655 580296 580937
581578 582219 582860 583501 584142 584783 585424 586065
586706 587347 587988 588629 589270 589911 590552 591193
591834 592475 593116 593757 594398 595039 595680 596321
596962 597603 598244 598885 599526 600167 600808 601449
602090 602731 603372 604013 604654 605295 605936 606577
607218 607859 608500 609141 609782 610423 611064 611705
612346 612987 613628 614269 614910 615552 616195 616839
617483 618127 618771 619415 620059 620703 621347 621992
622637 623283 623930 624577 625224 625871 626518 627165
627812 628459 629106 629754 630404 631054 631704 632354
633004 633654 634305 634956 635608 636260 636913 637566
638219 638872 639525 640178 640831 641484 642137 642790
643443 644096 644749 645402 646055 646708 647361 648014
648667 649320 649973 650626 651279 651932 652586 653240
653894 654549 655204 655859 656514 657170 657826 658482
659138 659794 660450 661106 661762 662418 663074 663730
664386 665042 665698 666354 667010 667666 668322 668979
669637 670296 670955 671614 672273 672932 673591 674250
674909 675568 676227 676886 677545 678204 678863 679523
680183 680844 681505 682166 682827 683489 684151 684813
685475 686137 686799 687461 688123 688785 689447 690109
690771 691433 692095 692757 693419 694081 694743 695405
696067 696729 697391 698053 698715 699377 700039 700701
701363 702025 702687 703349 704012 704677 705342 706007
706672 707337 708002 708667 709332 709997 710662 711327
711992 712657 713322 713987 714652 715317 715982 716647
717312 717977 718642 719307 719972 720637 721302 721967
722633 723299 723965 724631 725297 725963 726630 727297
727964 728631 729298 729965 730632 731299 731966 732634
733302 733970 734638 735306 735974 736642 737310 737978
738646 739314 739982 740650 741318 741986 742654 743322
743990 744658 745326 745994 746662 747330 747998 748666
749334 750002 750670 751338 752006 752674 753342 754010
754678 755346 756014 756682 757350 758018 758686 759354
760022 760690 761358 762026 762694 763362 764030 764698
765366 766034 766702 767370 768038 768706 769374 770042
770710 771378 772046 772714 773382 774050 774718 775386
776054 776722 777390 778058 778726 779394 780062 780730
781398 782066 782734 783402 784070 784738 785406 786074
786742 787410 788078 788746 789414 790082 790750 791417
792084 792751 793418 794085 794752 795419 796086 796753
797420 798087 798754 799421 800088 800755 801422 802089
802756 803423 804090 804757 805423 806089 806755 807421
808087 808753 809419 810085 810751 811417 812083 812749
813415 814081 814747 815413 816079 816745 817411 818077
818743 819409 820075 820741 821407 822073 822738 823403
824068 824733 825398 826063 826728 827393 828058 828723
829388 830053 830718 831383 832048 832713 833378 834043
834708 835373 836038 836703 837368 838033 838698 839363
840028 840693 841358 842023 842688 843353 844018 844683
845348 846013 846678 847343 848008 848673 849338 850003
850668 851333 851998 852663 853328 853993 854658 855323
855988 856653 857318 857983 858648 859313 859978 860643
861308 861973 862638 863303 863968 864633 865298 865963
866628 867293 867958 868623 869288 869953 870618 871283
871948 872613 873278 873943 874608 875273 875938 876603
877268 877933 878598 879262 879926 880590 881254 881918
882582 883245 883908 884571 885234 885897 886560 887223
887885 888547 889209 889871 890533 891195 891857 892519
893181 893843 894505 895167 895829 896491 897153 897815
898477 899139 899801 900463 901125 901787 902449 903111
903773 904435 905097 905759 906421 907083 907745 908408
909071 909734 910397 911060 911724 912388 913053 913718
914383 915048 915713 916378 917043 917708 918375 919043
919711 920379 921047 921715 922383 923051 923722 924396
925070 925744 926418 927092 927766 928440 929116 929793
930470 931149 931829 932509 933189 933869 934549 935229
935909 936590 937273 937956 938639 939322 940005 940689
941374 942059 942745 943432 944119 944806 945493 946180
946867 947554 948241 948928 949615 950302 950990 951679
952369 953059 953749 954439 955129 955819 956509 957199
957889 958579 959269 959959 960650 961341 962033 962727
963421 964116 964811 965506 966201 966896 967591 968286
968981 969676 970371 971066 971761 972456 973151 973847
974543 975240 975938 976636 977334 978032 978730 979428
980126 980824 981522 982220 982918 983616 984314 985012
985710 986408 987106 987804 988502 989200 989898 990596
991294 991992 992690 993389 994088 994787 995486 996185
996884 997583 998282 998981 999680 1000379 1001078 1001777
1002476 1003175 1003874 1004573 1005272 1005971 1006670 1007369
1008068 1008767 1009466 1010165 1010864 1011563 1012262 1012961
1013660 1014359 1015058 1015757 1016456 1017155 1017854 1018553
1019252 1019951 1020650 1021349 1022048 1022747 1023446 1024145
1024844 1025543 1026242 1026941 1027640 1028339 1029038 1029737
1030436 1031135 1031834 1032533 1033232 1033931 1034630 1035329
1036028 1036727 1037426 1038125 1038824 1039523 1040222 1040921
1041620 1042319 1043018 1043717 1044416 1045115 1045814 1046513
1047212 1047911 1048610 1049309 1050008 1050707 1051406 1052105
1052804 1053503 1054202 1054901 1055600 1056299 1056998 1057697
1058396 1059095 1059794 1060493 1061192 1061891 1062590 1063289
1063988 1064687 1065386 1066085 1066784 1067483 1068182 1068881
1069580 1070279 1070978 1071677 1072376 1073075 1073774 1074473
1075172 1075871 1076570 1077269 1077968 1078667 1079366 1080065
1080764 1081463 1082162 1082861 1083560 1084259 1084958 1085657
1086356 1087055 1087754 1088453 1089152 1089851 1090550 1091249
1091948 1092647 1093346 1094045 1094744 1095443 1096142 1096841
1097540 1098239 1098938 1099637 1100336 1101035 1101734 1102433
1103132 1103831 1104530 1105229 1105928 1106627 1107326 1108025
1108724 1109423 1110122 1110821 1111520 1112219 1112918 1113617
1114316 1115015 1115714 1116413 1117112 1117811 1118510 1119209
1119908 1120607 1121306 1122005 1122704 1123403 1124102 1124801
1125500 1126199 1126898 1127597 1128296 1128995 1129694 1130393
1131092 1131791 1132490 1133189 1133888 1134587 1135287 1135987
1136687 1137387 1138087 1138787 1139487 1140187 1140887 1141587
1142287 1142987 1143687 1144387 1145087 1145787 1146487 1147187
1147887 1148587 1149287 1149987 1150687 1151387 1152087 1152787
1153487 1154187 1154887 1155587 1156287 1156987 1157687 1158387
1159087 1159787 1160487 1161187 1161887 1162587 1163287 1163987
1164687 1165387 1166087 1166787 1167487 1168187 1168887 1169587
1170287 1170987 1171687 1172387 1173087 1173787 1174487 1175187
1175887 1176587 1177287 1177987 1178687 1179387 1180087 1180787
1181487 1182187 1182887 1183587 1184287 1184987 1185687 1186387
1187087 1187787 1188487 1189187 1189887 1190587 1191287 1191987
1192687 1193387 1194087 1194787 1195487 1196187 1196887 1197587
1198287 1198987 1198987 1198987 1198987 1198987 1198987 1198987
1198987 1198987 1198987 1198987 1198987 1198987 1198987 1198987
1198987 1198987 1198987 1198987 1198987 1198987 1198987 1198987
1198987 1198987 1198987 1198987 1198987 1198987 1198987 1198987
1198987 1198987 1198987 1198987 1198987 1198987 1198987 1198987
1198987 1198987 1198987 1198987 1198987 1198987 1198987 1198987
1198987 1198987 1198987 1198987 1198987 1198987 1198987 1198987
1198987 1198987 1198987 1198987 1198987 1198987 1198987 1198987
1198987 1198987 1198987 1198987 1198987 1198987 1198987 1198987
1198987 1198987 1198987 1198987 1198987 1198987 1198987 1198987
1198987 1198987 1198987 1198987 1198987 1198987 1198987 1198987
1198987 1198987 1198987 1198987 1198987 1198987 1198987 1198987
1198987 1198987 1198987 1198987 1198987 1198987 1198987 1198987
1198987 1198987 1198987 1198987 1198987 1198987 1198987 1198987
1198987 1198987 1198987 1198987 1198987 1198987 1198987 1198987
1198987 1198987 1198987 1198987 1198987 1198987 1198987 1198987
1198987 1198987 1198987 1198987 1198987 1198987 1198987 1198987
1198987 1198987 1198987 1198987 1198987 1198987 1198987 1198987
1198987 1198987 1198987 1198987 1198987 1198987 1198987 1198987
1198987 1198987 1198987 1198987 1198987 1198987 1198987 1198987
1198987 1198987 1198987 1198987 1198987 1198987 1198987 1198987
1198987 1198987 1198987 1198987 1198987 1198987 1198987 1198987
1198987 1198987 1198987 1198987 1198987 1198987 1198987 1198987
1198987 1198987 1198987 1198987 1198987 1198987 1198987 1198987
1198987 1198987 1198987 1198987 1198987 1198987 1198987 1198987
1198987 1198987 1198987 1198987 1198987 1198987 1198987 1198987
1198987 1198987 1198987 1198987 1198987 1198987 1198987 1198987
1198987 1198987 1198987 1198987 1198987 1198987 1198987 1198987
1198987 1198987 1198987 1198987 1198987 1198987 1198987 1198987
1198987 1198987 1198987 1198987 1198987 1198987 1198987 1198987
1198987 1198987 1198987 1198987 1198987 1198987 1198987 1198987
1198987 1198987 1198987 1198987
