# energies: f64, 2059 values. See README.md.
values 2059
0 1.0000000000000001e-09 1.0966006701507268e-09 1.202533029775023e-09 1.3186985263296686e-09 1.4187266741165991e-09 1.5377758365409179e-09 1.6863260128923651e-09
1.8492262358303631e-09 2.0127853758499386e-09 2.1564408884813895e-09 2.3647545234491202e-09 2.5931913951562572e-09 2.8555923019901121e-09 3.1183983052037727e-09 3.4196376712833477e-09
3.7499769620019901e-09 4.0513049692353777e-09 4.3729661060606403e-09 4.7953975624525129e-09 5.258636180624587e-09 5.7476944248353582e-09 6.3236836987710133e-09 6.9345557818935197e-09
7.6044385176220314e-09 8.1544073951851526e-09 8.8677749837241592e-09 9.7244079898977616e-09 1.0663792318540968e-08 1.1568875283162832e-08 1.2435383695305171e-08 1.3636650093853043e-08
1.4953959631530219e-08 1.6413071953751299e-08 1.7982630382837419e-08 1.9719764528892294e-08 2.1624706997597821e-08 2.3285662984981966e-08 2.5217251122391735e-08 2.7653254480173887e-08
3.0324577394807267e-08 3.3035991201283397e-08 3.5362443682136624e-08 3.8778479439998274e-08 4.2524506541328288e-08 4.6869041923141926e-08 5.1137123690831184e-08 5.607700410894608e-08
6.1494080285915197e-08 6.6494359966650455e-08 7.1710181566053278e-08 7.863743316196432e-08 8.6233861904342881e-08 9.4337322162997736e-08 1.0369906722503017e-07 1.1371646661297335e-07
1.247015534949593e-07 1.3383887531737592e-07 1.4541840452146106e-07 1.5946591985048366e-07 1.7487043457424246e-07 1.8988078244652613e-07 2.0392191501278117e-07 2.2362090866143537e-07
2.4522283829784446e-07 2.6938893095901752e-07 2.948885627083369e-07 3.2337499548574685e-07 3.5461323675965748e-07 3.8218926206331151e-07 4.1352565117695241e-07 4.5347250620516168e-07
4.9727825419950885e-07 5.4222210065015919e-07 5.9799352566376948e-07 6.5576010098868548e-07 7.191069662022992e-07 7.6926495748791462e-07 8.3857325570233386e-07 9.1957999417365606e-07
1.0084120378680306e-06 1.0913767146512737e-06 1.1759410010311702e-06 1.2895376897884976e-06 1.4141078948066835e-06 1.5483652565854991e-06 1.7005114511706572e-06 1.8647819969527275e-06
2.0449211875433716e-06 2.1967070907932351e-06 2.3846469280489657e-06 2.6150054193713679e-06 2.8676166953304241e-06 3.1165269449294302e-06 3.3440180408892108e-06 3.6670524246352288e-06
4.0212921463328391e-06 4.4214999073744865e-06 4.8357366283401248e-06 5.3028720273101859e-06 5.8151330188718922e-06 6.2728998581962565e-06 6.7812095518008239e-06 7.4362789389372783e-06
8.1546284678663545e-06 8.899530352885224e-06 9.8062100781529807e-06 1.0753496543341348e-05 1.1792291515891645e-05 1.2626001098748577e-05 1.3751362110835646e-05 1.5079752906227651e-05
1.6536467142676611e-05 1.7912844546220058e-05 1.9283694556433931e-05 2.1146512373567325e-05 2.3189279640204565e-05 2.5413430367026391e-05 2.7885874704035394e-05 3.057966888818441e-05
3.3533685395770289e-05 3.6054711542505062e-05 3.9104685477512185e-05 4.288222430067325e-05 4.702467590567197e-05 5.1151780992931451e-05 5.4836953924700219e-05 6.0134240422850787e-05
6.5943248346702959e-05 7.2570396123242164e-05 7.9298934227567484e-05 8.6959264416188725e-05 9.5359587634606807e-05 0.00010295755673125128 0.00011120181506166665 0.00012194398491860057
0.00013372385558258751 0.00014606863203649889 0.00016080735320692625 0.00017634145129187995 0.00019337615366202729 0.00020723146452190295 0.00022550201621317876 0.00024728566209971189
0.00027117362277721021 0.00029400480643347078 0.00031622409238198004 0.00034677155162388465 0.00038026991589995926 0.00041711246120565161 0.00045728713409947026 0.00050146137770478436
0.00054990288284577208 0.00059176857481888303 0.00064125905110249196 0.00070320510517921184 0.00077113518959293439 0.00083955786199951202 0.00087202418752641106 0.00092731553590732628
0.001 0.0010813718188768045 0.0011911031332830079 0.001340977724457341 0.0014863225708172047 0.0014871774101411295 0.0014872575513277474 0.0014873376925143653
0.0014874178337009832 0.0014874979748876012 0.0014875781160742191 0.001487658257260837 0.001487818539634073 0.0014879387514139999 0.001488058963193927 0.0014881791749738538
0.0014882993867537807 0.0014885398103136344 0.0014887802338734882 0.0014890206574333419 0.0014892610809931958 0.0014895015045530498 0.0014897419281129035 0.0014900624928593752
0.001490383057605847 0.0014907036223523189 0.0014910241870987905 0.0014913447518452622 0.001491665316591734 0.0014923064460846775 0.0014927872932043852 0.0014932681403240929
0.0014937489874438006 0.0014942298345635083 0.0014951915288029236 0.0014961532230423388 0.0014971149172817539 0.0014980766115211693 0.0014990383057605847 0.0015
0.0015010262651123317 0.0015020525302246633 0.0015041050604493265 0.0015061575906739895 0.0015082101208986527 0.0015102626511233159 0.0015123151813479789 0.0015143677115726421
0.0015164202417973054 0.001519378746082458 0.0015223372503676107 0.0015252957546527633 0.0015282542589379162 0.0015312127632230691 0.0015341712675082217 0.0015371297717933744
0.001540088276078527 0.0015460052846488323 0.0015519222932191376 0.0015578393017894429 0.0015637563103597484 0.0015698580222963422 0.0015759597342329362 0.00158206144616953
0.0015881631581061238 0.0015942648700427175 0.0016003665819793113 0.0016125700058524991 0.0016251543677356373 0.0016377387296187757 0.0016503230915019139 0.0016629074533850521
0.0016763786200987554 0.0016898497868124587 0.0016999999999999999 0.0017148162178929243 0.0017308863569451705 0.0017617727138903414 0.0017926590708355122 0.0018235454277806828
0.0018676590708355122 0.0019117727138903413 0.0019558863569451709 0.002 0.002048218402050374 0.0020964368041007475 0.002144655206151121 0.0021928736082014949
0.0022440139481013908 0.0022951542880012867 0.0023974349678010784 0.0024772042846953409 0.0024786290169018822 0.002479163291479335 0.0024796975660567881 0.0024807661152116941
0.0024818346643666 0.0024829032135215059 0.0024850403118313177 0.0024871774101411295 0.0024893145084509414 0.0024914516067607532 0.0024957258033803768 0.0025000000000000001
0.0025071473625274151 0.0025142947250548302 0.0025214420875822453 0.0025285894501096604 0.0025428841751644906 0.0025571789002193208 0.0025771349111605468 0.0025970909221017728
0.0026170469330429988 0.0026370029439842248 0.002657581895107934 0.0026781608462316435 0.0027193187484790627 0.0027617614220774344 0.0028042040956758056 0.0028479716456191731
0.0028917391955625405 0.0029458695977812701 0.0030000000000000001 0.0030750920905575009 0.0031710831397549987 0.0032700706135325441 0.0034013049382792529 0.0034680859985734775
0.0034700806236626349 0.0034708286080710692 0.0034715765924795035 0.0034730725612963716 0.0034745685301132397 0.0034760644989301082 0.0034789076706799931 0.0034817508424298781
0.003484594014179763 0.0034874371859296479 0.0034905778894472358 0.0034937185929648238 0.0035000000000000001 0.0035078125000000001 0.0035156250000000001 0.0035234375000000001
0.0035312500000000001 0.0035390625000000001 0.0035468750000000001 0.0035625000000000001 0.0035781250000000001 0.0035937500000000002 0.0036093750000000002 0.0036250000000000002
0.0036432249521238286 0.003661449904247657 0.0036978998084953138 0.003726549856371485 0.0037551999042476567 0.0037838499521238283 0.0038124999999999999 0.003859375
0.00390625 0.003953125 0.0040000000000000001 0.0040908513316318916 0.004181702663263784 0.0042469699811615571 0.0043122372990593303 0.004385602505755472
0.0044589677124516136 0.0044615322304233877 0.0044634556189022184 0.0044653790073810491 0.0044692257843387106 0.0044758189223201086 0.0044824120603015076 0.0044912060301507536
0.0044999999999999997 0.0045107072428632678 0.0045214144857265359 0.0045428289714530721 0.0045642434571796084 0.0045856579429061446 0.004615640955385537 0.0046456239678649286
0.0047055899928237117 0.0047655560177824949 0.0048255220427412789 0.0048899653060659803 0.0049544085693906817 0.0049572580338037645 0.0049658064270430118 0.0050000000000000001
0.0050928038921733343 0.0051856077843466684 0.0053177286053382091 0.0054498494263297498 0.0054529838371841404 0.0054553346453249333 0.0054576854534657262 0.0054623870697473121
0.0054661370359788252 0.0054698870022103392 0.0054773869346733664 0.0054886934673366826 0.0054999999999999997 0.0055116588107158356 0.0055233176214316724 0.0055466352428633452
0.0055699528642950179 0.0055932704857266907 0.0056165881071583634 0.0056399057285900361 0.0056865409714533816 0.0057257233500217089 0.0057649057285900362 0.0058432704857266909
0.0059216352428633455 0.0060000000000000001 0.0061101827850519718 0.0062203655701039435 0.0063305483551559152 0.0064407311402078869 0.0064470649792448681 0.0064518153585226036
0.0064565657378003391 0.0064660664963558101 0.0064850680134667521 0.006504069530577695 0.0065420725647995798 0.0065800755990214647 0.0066180786332433496 0.0066940847016871193
0.0067700907701308891 0.0068460968385746579 0.0069361719971469549 0.0069401612473252699 0.0069521289978602165 0.0070000000000000001 0.0071079032135215065 0.007215806427043012
0.007431612854086023 0.0074338331163747492 0.0074354983130912947 0.0074371635098078393 0.0074404939032409294 0.0074471546901071087 0.007453815476973288 0.0074671370507056467
0.0074804586244380054 0.007493780198170364 0.0075204233456350822 0.0075470664930998004 0.0075737096405645177 0.007613510799260665 0.0076533119579568123 0.0077329142753491077
0.0077996857065118306 0.0078664571376745544 0.0079332285688372764 0.0080000000000000002 0.0081056236419910395 0.0082112472839820788 0.0083168709259731181 0.0084224945679641592
0.0084302358313538325 0.0084418477264383424 0.0084534596215228505 0.0084766834116918703 0.0084999072018608884 0.0085463547821989262 0.0085928023625369641 0.0086392499428750019
0.0087321451035510776 0.0088250402642271533 0.0089179354249032273 0.0089230644608467753 0.0089384515686774212 0.0089999999999999993 0.0092066881409211473 0.0094133762818422954
0.0094180538430396216 0.009425070184835611 0.0094320865266316004 0.0094446864793962006 0.0094572864321608024 0.0094882172609995138 0.0095135034366346446 0.0095387896122697755
0.0095893619635400371 0.0096510510810056023 0.0097127401984711675 0.0097845551488533761 0.0098563700992355847 0.01 0.010197382659136547 0.010404257995720432
0.010411223168208899 0.010421670926941597 0.010432118685674297 0.010473909720605096 0.010515700755535894 0.010611700279816795 0.010707699804097696 0.0108996988526595
0.010907440116049173 0.010930663906218191 0.011023559066894267 0.011182456657792538 0.011395139709598568 0.011399010341293404 0.011404816288835658 0.011410622236377914
0.011433846026546932 0.011457069816715952 0.011494297156170546 0.011531524495625141 0.011587192316846621 0.011642860138068102 0.011718326008073689 0.011793791878079277
0.011944723618090451 0.012165372520783578 0.012386021423476706 0.012393762686866379 0.012416986477035397 0.012463434057373435 0.012509881637711473 0.012645477489762051
0.012763469885088911 0.012881462280415774 0.012888870887889788 0.012911096710311831 0.012999999999999999 0.013188451568677421 0.013376903137354842 0.013383197207057666
0.013402079416166137 0.013437185929648241 0.013477608252600023 0.013553137089033909 0.013628665925467794 0.013779723598335568 0.013926738911559919 0.014073754224784272
0.014367784851232978 0.014375526114622651 0.014398749904791669 0.014491645065467745 0.014677435386819895 0.014863225708172046 0.014871774101411293 0.014897419281129035
0.014999999999999999 0.015358666565111114 0.015374149091890461 0.015420596672228497 0.015513491832904572 0.015606386993580648 0.015765505054579271 0.01592462311557789
0.01613708569728357 0.01634954827898925 0.016357289542378924 0.016380513332547943 0.016473408493224019 0.01665919881457617 0.016844989135928318 0.016854677314932801
0.01688374185194624 0.017000000000000001 0.017340429992867386 0.017355912519646733 0.017402360099984769 0.017495255260660845 0.017588150421336921 0.017914572864321607
0.018331311706745523 0.018339052970135196 0.018362276760304216 0.018455171920980291 0.018826752563684591 0.018834381310282679 0.018857267550076936 0.018950612777919359
0.019322193420623659 0.019336410171266718 0.019379060423195892 0.019549661430912597 0.02 0.020313075134501795 0.020344040188060488 0.020436935348736564
0.020808515991440863 0.020839481044999556 0.020932376205675632 0.021303956848379931 0.021319439375159278 0.021365886955497314 0.021551677276849465 0.021894472361809046
0.022294838562258067 0.02232580361581676 0.022418698776492836 0.022790279419197135 0.022803386955497315 0.022842709564397851 0.023 0.023285720276136204
0.02330120280291555 0.023347650383253586 0.023533440704605738 0.024276601990014343 0.024307567043573036 0.024400462204249108 0.024772042846953411 0.024803007900512104
0.024895903061188177 0.025267483703892479 0.025313265972399197 0.025450612777919358 0.025999999999999999 0.026258365417770616 0.026289330471329309 0.026382225632005381
0.026753806274709684 0.026784771328268377 0.026877666488944449 0.027249247131648752 0.027279645819794716 0.027370841884232607 0.027735626141984177 0.028240128845526888
0.028271093899085581 0.028363989059761653 0.028735569702465956 0.028766501397452481 0.028859296482412061 0.029231010559405024 0.029279072399442212 0.029423257919553768
0.029999999999999999 0.03022189227328316 0.030252857326841853 0.030345752487517925 0.030717333130222228 0.030748298183780921 0.030841193344456994 0.031212773987161296
0.031228256513940643 0.031274704094278682 0.031460494415630827 0.032203655701039433 0.032234620754598126 0.032327515915274198 0.032699096557978501 0.032730061611537194
0.032822956772213266 0.033194537414917569 0.033244878826485219 0.033395903061188177 0.034000000000000002 0.034185419128795705 0.034216384182354398 0.03430927934303047
0.034680859985734773 0.034711825039293466 0.034804720199969538 0.035176300842673841 0.035238230949791227 0.035424021271143372 0.036167182556551977 0.03619814761011067
0.036291042770786743 0.036662623413491045 0.036693588467049738 0.036786483627725811 0.037158064270430113 0.0372199943775475 0.037405784698899644 0.03814894598430825
0.038179911037866943 0.038272806198543015 0.038644386841247318 0.038666612663669359 0.038733290130935488 0.039 0.039139827698186386 0.039192188931379421
0.039349272630958533 0.040000000000000001 0.040130709412064522 0.040161674465623215 0.040254569626299287 0.04062615026900359 0.040657115322562283 0.040750010483238355
0.041121591125942658 0.041183521233060044 0.041369311554412189 0.042112472839820794 0.042143437893379487 0.04223633305405556 0.042607913696759862 0.042638878750318555
0.042731773910994628 0.04310335455369893 0.043159394894092748 0.043327515915274201 0.043999999999999997 0.044094236267577067 0.04412520132113576 0.044218096481811832
0.044589677124516135 0.044620642178074828 0.0447135373387509 0.045085117981455203 0.045147048088572589 0.045332838409924733 0.046075999695333339 0.046106964748892032
0.046199859909568104 0.046571440552272407 0.0466024056058311 0.046695300766507172 0.047066881409211475 0.047128811516328861 0.047314601837681013 0.048057763123089618
0.048088728176648311 0.048181623337324384 0.048553203980028686 0.048584169033587379 0.048677064194263452 0.049048644836967754 0.049110574944085141 0.049296365265437292
0.050039526550845891 0.050070491604404584 0.050163386765080656 0.050534967407784959 0.050651225555838716 0.050999999999999997 0.051030408264724027 0.051092338371841413
0.051278128693193564 0.052021289978602163 0.052052255032160856 0.052145150192836928 0.052516730835541231 0.052640591049775996 0.053012171692480299 0.053074101799597685
0.053259892120949837 0.054003053406358435 0.054126913620593201 0.054498494263297503 0.054622354477532269 0.054993935120236571 0.055045930593260975 0.055201917012334178
0.055825862688627007 0.055984816834114708 0.056108677048349473 0.056480257691053776 0.056604117905288541 0.056975698547992844 0.05703762865511023 0.057223418976462381
0.05796658026187098 0.058000000000000003 0.058462021118810048 0.058558144798884423 0.058846515839107535 0.059999999999999998 0.06044378454656632 0.060567644760801086
0.060939225403505388 0.061032120564181461 0.061310806046209691 0.062425547974322593 0.062518443134998672 0.062797128617026896 0.063911870545139804 0.064035730759374576
0.064407311402078865 0.064531171616313637 0.064902752259017926 0.066389074829835137 0.06651293504406991 0.066884515686774212 0.067000000000000004 0.06837083825759141
0.068463733418267489 0.068742418900295713 0.069857160828408621 0.069981021042643393 0.070352601685347682 0.070476461899582454 0.070848042542286743 0.072334365113103954
0.072458225327338727 0.072829805970043029 0.072922701130719109 0.073201386612747332 0.074316128540860227 0.074409023701536306 0.07468770918356453 0.075802451111677438
0.075851838333758081 0.075999999999999998 0.076297891968616499 0.076421752182851271 0.07679333282555556 0.078279655396372771 0.078403515610607544 0.078775096253311847
0.078881732315465275 0.07920164050192556 0.080000000000000002 0.080261418824129044 0.080354313984805123 0.080632999466833347 0.081747741394946255 0.081871601609181027
0.082243182251885316 0.082367042466120088 0.082738623108824377 0.084224945679641589 0.084348805893876361 0.084720386536580664 0.084813281697256743 0.085091967179284966
0.086206709107397861 0.086405031830548401 0.086999999999999994 0.087693031678215072 0.087816891892449844 0.088188472535154133 0.088312332749388905 0.088683913392093194
0.090170235962910406 0.090294096177145178 0.090665676819849481 0.09075857198052556 0.091037257462553783 0.092151999390666678 0.092244894551342757 0.092523580033370981
0.093638321961483889 0.093762182175718661 0.09413376281842295 0.094257623032657722 0.094629203675362025 0.096115526246179236 0.096239386460413995 0.096610967103118298
0.096703862263794377 0.0969825477458226 0.098097289673935509 0.098190184834611588 0.098468870316639812 0.099583612244752706 0.099687709183564538 0.10000000000000001
0.10007905310169178 0.10020291331592655 0.10057449395863086 0.10206081652944805 0.10218467674368281 0.10255625738638711 0.10264915254706319 0.10292783802909142
0.10404257995720433 0.10413547511788041 0.10441416059990863 0.10552890252802152 0.1056527627422563 0.1060243433849606 0.10614820359919537 0.10651978424189967
0.10800610681271687 0.10812996702695163 0.10850154766965593 0.10859444283033201 0.10887312831236023 0.10998787024047314 0.11 0.11147419281129034
0.11159805302552511 0.11196963366822942 0.11206859525464086 0.11236548001387515 0.11395139709598569 0.11407525731022045 0.11444683795292475 0.11453973311360083
0.11481841859562905 0.11593316052374196 0.11602605568441804 0.11630474116644626 0.11741948309455916 0.1175807654011492 0.11806461232091936 0.12
0.12039212823619357 0.12057791855754571 0.12113528952160217 0.12336477337782797 0.12355056369918013 0.12410793466323658 0.1263374185194624 0.12652320884081455
0.127080579804871 0.12931006366109679 0.1294825477458226 0.13 0.13228270880273121 0.13246849912408337 0.13302587008813982 0.13525535394436561
0.13544114426571777 0.13599851522977421 0.13822799908600003 0.13833874914312502 0.13867099931450003 0.14000000000000001 0.14120064422763443 0.14138643454898658
0.14194380551304303 0.14417328936926885 0.14435907969062101 0.14491645065467745 0.14714593451090324 0.1473243136039718 0.14785945088317742 0.14999999999999999
0.15011857965253766 0.15030436997388982 0.15086174093794627 0.15309122479417206 0.15327701511552422 0.15383438607958067 0.15606386993580648 0.15624966025715864
0.15680703122121509 0.1590365150774409 0.15913136224448074 0.15941590374560027 0.16 0.1620091602190753 0.16219495054042746 0.1627523215044839
0.16498180536070972 0.16516759568206188 0.16572496664611833 0.16795445050234412 0.1680822973459476 0.16846583787675809 0.17000000000000001 0.17092709564397854
0.1711128859653307 0.17167025692938714 0.17389974078561293 0.17408553110696509 0.17464290207102154 0.17687238592724736 0.17723375489713411 0.1783178618067944
0.18265428944543552 0.20000000000000001 0.22616759492228644 0.23000000000000001 0.26000000000000001 0.28199081770481521 0.29999999999999999 0.32086999973704566
0.34000000000000002 0.34999999999999998 0.39000000000000001 0.40000000000000002 0.44 0.45522682755073096 0.5 0.51000000000000001
0.53774269023160592 0.55000000000000004 0.57999999999999996 0.59999999999999998 0.64584244301969918 0.67000000000000004 0.68765488750806125 0.69999999999999996
0.73125616198520649 0.76000000000000001 0.78000000000000003 0.80000000000000004 0.82692771531467157 0.85274081510679978 0.87 0.90000000000000002
0.91627390118867313 0.93511614931099363 0.95813695059433657 0.97906847529716834 0.99440789090228565 1 1.0062630480167014 1.0125260960334028
1.0187891440501045 1.0250521920668059 1.0313152400835073 1.0375782881002087 1.0501043841336117 1.0626304801670146 1.0751565762004176 1.081419624217119
1.0876826722338204 1.0939457202505218 1.1000000000000001 1.1039665970772443 1.1079331941544885 1.1118997912317328 1.115866388308977 1.1197807933194155
1.123695198329854 1.1276096033402925 1.1315240083507307 1.135438413361169 1.1393528183716075 1.143267223382046 1.1471816283924845 1.151096033402923
1.1550104384133613 1.1589248434237995 1.162839248434238 1.1659707724425887 1.1691022964509394 1.1722338204592901 1.1753653444676408 1.1784968684759916
1.1816283924843425 1.1847599164926932 1.1878914405010439 1.1910229645093946 1.1958083338789161 1.2004175365344467 1.2035490605427976 1.2082463465553237
1.2129436325678498 1.2160751565762005 1.2192066805845512 1.2223382045929019 1.2262526096033404 1.2301670146137789 1.2321242171189981 1.2340814196242174
1.2360386221294366 1.2379958246346556 1.2411273486430063 1.244258872651357 1.2471294363256784 1.25 1.2659185803757829 1.2818371607515657
1.2908896925824065 1.2999422244132475 1.3 1.3194154488517746 1.3444676409185803 1.3695198329853862 1.3944697171167773 1.4196242171189979
1.4352818371607516 1.4509394572025052 1.4634655532359082 1.475991649269311 1.4879958246346554 1.5 1.51 1.52
1.53 1.54 1.5600000000000001 1.5700000000000001 1.5800000000000001 1.5900000000000001 1.6000000000000001 1.6100000000000001
1.6200000000000001 1.6299999999999999 1.6349999999999998 1.6399999999999999 1.645 1.6499999999999999 1.6599999999999999 1.6701461377870563
1.6799999999999999 1.6899999999999999 1.7 1.71 1.72 1.73 1.74 1.7515657620041754
1.76 1.7703549060542798 1.78 1.7850000000000001 1.79 1.7949999999999999 1.8 1.8079331941544885
1.8200000000000001 1.8329853862212944 1.8400000000000001 1.8442627085855328 1.8600000000000001 1.8705636743215033 1.8799999999999999 1.8849999999999998
1.8899999999999999 1.895 1.8999999999999999 1.9199999999999999 1.9399999999999999 1.95 1.9550000000000001 1.96
1.9707724425887265 1.98 2 2.0099999999999998 2.0146137787056366 2.02 2.0300000000000002 2.0350000000000001
2.04 2.0449999999999999 2.0499999999999998 2.0549999999999997 2.0600000000000001 2.0650000000000004 2.0700000000000003 2.0750000000000002
2.0800000000000001 2.085 2.0899999999999999 2.0924999999999998 2.0949999999999998 2.1000000000000001 2.1100000000000003 2.1148225469728601
2.1200000000000001 2.1304801670146136 2.1400000000000001 2.1461377870563672 2.1500000000000004 2.1550000000000002 2.1600000000000001 2.1655949895615869
2.1683924843423803 2.1711899791231732 2.1733924843423802 2.1755949895615867 2.1800000000000002 2.1850000000000005 2.1900000000000004 2.1950000000000003
2.2000000000000002 2.2056600720167432 2.2113201440334862 2.2150313152400836 2.2200000000000002 2.2300000000000004 2.2400000000000002 2.252609603340292
2.2599999999999998 2.265699373695198 2.2713987473903967 2.2756993736951983 2.2799999999999998 2.2901878914405014 2.2950939457202506 2.2999999999999998
2.3049999999999997 2.3099999999999996 2.3124999999999996 2.3149999999999995 2.3199999999999998 2.3254488517745302 2.3277661795407099 2.3308977035490606
2.3331732776617953 2.3354488517745304 2.3399999999999999 2.3449999999999998 2.3499999999999996 2.3549999999999995 2.3599999999999999 2.3650000000000002
2.3700000000000001 2.375 2.3799999999999999 2.3851983298538624 2.3903966597077244 2.3951983298538622 2.3999999999999999 2.4050000000000002
2.4100000000000001 2.415 2.4199999999999999 2.4227766179540708 2.4255532359081418 2.4283298538622127 2.431106471816284 2.433329853862213
2.435553235908142 2.4399999999999999 2.4450000000000003 2.4500000000000002 2.4525000000000001 2.4550000000000001 2.46 2.4649999999999999
2.4700000000000002 2.4750000000000001 2.48 2.4906054279749479 2.5 2.5099999999999998 2.5149999999999997 2.52
2.5250000000000004 2.5300000000000002 2.5350000000000001 2.54 2.5449999999999999 2.5499999999999998 2.5524999999999998 2.5549999999999997
2.5600000000000001 2.5650000000000004 2.5700000000000003 2.5725000000000002 2.5750000000000002 2.5800000000000001 2.585 2.5874999999999999
2.5899999999999999 2.5924999999999998 2.5949999999999998 2.5970772442588728 2.6000000000000001 2.605 2.6099999999999999 2.6132523493744118
2.6165046987488236 2.6200000000000001 2.6252609603340296 2.6299999999999999 2.6346555323590817 2.6400000000000001 2.6451565762004177 2.6503131524008352
2.6551565762004179 2.6600000000000001 2.665 2.6699999999999999 2.6724999999999999 2.6749999999999998 2.6800000000000002 2.6855114822546975
2.6910229645093944 2.6955114822546973 2.7000000000000002 2.7050000000000001 2.71 2.7149999999999999 2.7200000000000002 2.7286012526096037
2.7400000000000002 2.75 2.7599999999999998 2.7649999999999997 2.7699999999999996 2.7749999999999995 2.7799999999999998 2.7856158663883086
2.7912317327766178 2.7956158663883088 2.7999999999999998 2.805010438413361 2.8100208768267221 2.8150104384133607 2.8199999999999998 2.8250000000000002
2.8300000000000001 2.8325 2.835 2.8399999999999999 2.8499999999999996 2.8599999999999999 2.8700000000000001 2.875
2.8799999999999999 2.8857202505219206 2.8914405010438413 2.8957202505219204 2.8999999999999999 2.9102296450939455 2.9151148225469727 2.9199999999999999
2.9299999999999997 2.9399999999999999 2.9500000000000002 2.9550000000000001 2.96 2.9699999999999998 2.98 2.9858246346555326
2.9916492693110648 2.9958246346555324 3 3.010438413361169 3.02 3.0300000000000002 3.04 3.0449999999999999
3.0499999999999998 3.0549999999999997 3.0600000000000001 3.0700000000000003 3.0800000000000001 3.0899999999999999 3.1000000000000001 3.1106471816283925
3.1200000000000001 3.1299999999999999 3.1400000000000001 3.1500000000000004 3.1600000000000001 3.1699999999999999 3.1800000000000002 3.2000000000000002
3.2200000000000002 3.2300000000000004 3.2400000000000002 3.25 3.2599999999999998 3.2699999999999996 3.2749999999999995 3.2799999999999998
3.29 3.2999999999999998 3.3110647181628394 3.3199999999999998 3.3300000000000001 3.3399999999999999 3.3499999999999996 3.3599999999999999
3.3700000000000001 3.3799999999999999 3.3899999999999997 3.3999999999999999 3.4199999999999999 3.4399999999999999 3.4500000000000002 3.46
3.48 3.5 3.5114822546972859 3.52 3.54 3.5499999999999998 3.5600000000000001 3.5700000000000003
3.5800000000000001 3.6000000000000001 3.6200000000000001 3.6400000000000001 3.6600000000000001 3.6800000000000002 3.7000000000000002 3.7121050090663572
3.7200000000000002 3.7400000000000002 3.7599999999999998 3.7799999999999998 3.79 3.7999999999999998 3.8121085594989563 3.8199999999999998
3.8399999999999999 3.8499999999999996 3.8599999999999999 3.8700000000000001 3.8799999999999999 3.8999999999999999 3.9100000000000001 3.9199999999999999
3.931106471816284 3.9399999999999999 3.96 3.9699999999999998 3.9749478079331944 3.98 3.9900000000000002 3.9950000000000001
4 4.0999999999999996 4.2000000000000002 4.2750000000000004 4.2999999999999998 4.375 4.4000000000000004 4.4749999999999996
4.5 4.5999999999999996 4.7000000000000002 4.7750000000000004 4.7999999999999998 4.875 4.9000000000000004 4.9749999999999996
5 5.2000000000000002 5.2664623934842805 5.5 5.7000000000000002 5.9249999999999998 5.9812500000000002 6
6.2999999999999998 6.5999999999999996 6.9000000000000004 6.9749999999999996 7 7.2000000000000002 7.4000000000000004 7.4716706758680971
7.5999999999999996 7.9000000000000004 7.9749999999999996 8 8.3000000000000007 8.6999999999999993 8.955818186201741 9.0999999999999996
9.377309086275309 9.5999999999999996 9.8209562247368964 9.971884409966183 10 10.600258488068825 11 11.4
12 13 14 15 15.038869469554133 16 17 18
19 19.75 19.9375 19.984375 20 20.852843857155648 21.336045265014107 22.17503407955007
23 24 25 25.859004845417136 27 28 29 30
30.270016537634678 32 33 35 37 38 40 41.006654800336399
42 42.944879887892725 44 45 46 48 50 51
53 55 56 58 60 60.927046613686869 61 62.104620784712424
64 65 67 68.103968771972404 70 74 75 77
80 81 83.155866929921757 85 86.438826205982622 89 90 93
95 97 100 103.119170727777 106.33810437237581 110 116.61043651730523 120
122.63306841775643 127.8750828314457 130 135.98309847505703 140 144.60520893856207 150 151.88700539501491
153.77401079002979 156.17408990967107 160 163.52416740740566 166.07642534575871 170 173.98280529303622 176.6066257954696
180 182.45916354799579 184.9183270959916 187.45916354799579 190 192.1788100636229 195.15507833711752 198.32160623693238
200 210 215.63907857943187 220 230 240.160741756861 246.83404670686511 250
255.38831391579942 260 265.55580965519027 270 275.75505723567289 280 284.36293514178561 291.02036905594963
296.61975684700212 300 310 320 326.58560584245845 331.60456445339861 340 350
350.19004614317203 360 370 390 400 410 417.63131722092203 430
437.2864504688884 450 457.9747823403938 470 479.52861463201555 490 496.82395947343878 500
509.93348650311179 520 532.9257000809589 540 550 570 576.64899781725717 590
600 620 632.35367744814914 650 662.2707780699161 680 693.43946646191682 700
704.85740364519177 710 726.24657905271317 737.40751651105529 750 760.42618363109727 780 800
820 833.88386257002094 850 860 873.3784475044572 900 914.43760252216146 940
950 972.41820532755332 990 1000 1014.4952080687364 1029.2005271944286 1044.1190029805639 1047.1285480508996
1059.2537251772887 1074.6078283213176 1090.1844923851279 1096.4781961431852 1105.9869434355601 1122.0184543019629 1138.282345254032 1148.1536214968828
1154.7819846894581 1171.5207898315603 1188.502227437019 1202.2644346174131 1205.7298145138739 1223.2071190499314 1240.9377607517197 1258.9254117941675
1277.1737975811434 1295.686697517019 1314.4679457894219 1318.2567385564075 1333.5214321633241 1352.8511027866507 1372.4609610075624 1380.3842646028852
1392.3550682035834 1397.4006873083761 1399.9234968607725 1402.4463064131687 1412.537544622754 1433.0125702369628 1445.4397707459279 1453.7843856076622
1474.8572927641251 1496.2356560944329 1500.5670541798768 1504.8984522653209 1513.5612484362086 1517.9239032493838 1539.9265260594921 1562.2480814652906
1584.893192461114 1596.3798707568371 1607.86654905256 1631.1729092278379 1654.8170999431813 1659.5869074375614 1678.8040181225606 1703.1386316718776
1727.8259805078628 1737.8008287493763 1752.8711776018924 1778.2794100389228 1804.0559400917866 1819.7008586099826 1830.2061063110568 1856.7353246307055
1883.6490894898002 1905.4607179632483 1910.9529749704404 1938.6526359522077 1966.753809283339 1995.2623149688789 2002.4927505706744 2009.7231861724699
2024.1840573760612 2053.5250264571459 2083.2912989899996 2089.2961308540389 2113.4890398366479 2144.1245032200713 2175.2040340195222 2187.7616239495519
2206.7340690845899 2238.7211385683399 2271.1718672797665 2290.8676527677726 2304.0929760558447 2337.491283153488 2371.3737056616551 2398.83291901949
2405.7472609339511 2440.6190680419813 2475.9963492497727 2511.8864315095798 2548.2967479793465 2585.2348395621912 2622.7083564681916 2630.2679918953813
2660.7250597988086 2699.2928231542933 2738.4196342643613 2754.2287033381663 2778.1135966425359 2798.2482639534956 2818.3829312644548 2859.2359782705053
2884.0315031266059 2900.681198693153 2942.7271762092819 2985.3826189179604 3019.9517204020162 3028.6563611439651 3072.5573652674452 3117.0947235801254
3162.2776601683795 3185.1965964960082 3196.6560646598227 3202.3857987417296 3208.1155328236368 3254.61783498046 3301.7941976827187 3311.3112148259111
3349.6543915782759 3398.2083289425595 3447.4660657314944 3467.3685045253169 3497.4378036641801 3548.133892335753 3599.5648313608949 3630.7805477010138
3651.7412725483769 3704.6740221071577 3758.374042884443 3801.8939632056126 3812.8524566361871 3868.1205463305209 3924.189758484536 3981.0717055349733
3995.4983212120455 4002.7116290505819 4009.9249368891178 4038.7781682432619 4097.3210981354132 4156.7126199773093 4168.6938347033547 4216.9650342858222
4278.0908198763809 4340.1026364474401 4365.1583224016613 4384.0858248020368 4393.5495760022241 4398.2814516023182 4403.0133272024123 4466.8359215096307
4531.5836376008183 4570.8818961487514 4597.2698853087231 4663.9082688444078 4731.5125896148029 4786.3009232263848 4800.0968490811147 4869.6752516586312
4940.2622076585985 5011.8723362727251 5084.5204686009365 5158.221650723056 5232.9911468149467 5248.0746024977234 5308.8444423098845 5385.797247105721
5463.8654988185399 5495.4087385762487 5543.0653660835042 5623.4132519034911 5704.9257970463213 5754.3993733715661 5787.6198834912084 5871.5126379251633
5956.6214352901034 6000 6025.5958607435805 6042.9639023813279 6130.5579214982081 6219.4216341477641 6309.5734448019302 6401.0320247093068
6493.8163157621129 6587.9455344192393 6606.9344800759645 6683.4391756861487 6780.3170171524562 6878.5991230880745 6918.3097091893624 6978.305848598663
7079.457843841381 7182.0760583017091 7244.3596007498982 7286.181745132274 7391.7964655545948 7498.9420933245583 7585.7757502918357 7607.6408192627032
7717.9151558501271 7829.7879418910206 7943.2823472428136 8000 8058.4218776148182 8175.2303794365016 8293.7320447962884 8317.6377110267094
8413.9514164519478 8535.9133929136569 8659.6432336006528 8709.6358995608061 8785.1665640727188 8912.5093813374588 9000 9041.6980592345008
9120.1083935590959 9172.7593538977944 9305.7204092969896 9440.6087628592359 9549.92586021436 9577.4523511724165 9716.279515771057 9857.1190090061591
10000 10471.285480508985 10964.781961431851 11481.536214968841 12022.644346174131 12589.254117941662 13182.567385564074 13803.842646028867
14454.39770745928 15135.612484362071 15848.931924611141 16595.869074375598 17378.008287493762 18197.008586099826 19054.607179632483 19952.623149688789
20892.961308540409 21877.616239495517 22908.676527677748 23988.329190194898 25118.864315095823 26302.679918953814 27542.287033381632 28840.315031266058
30199.517204020191 31622.776601683792 33113.112148259075 34673.685045253165 36307.805477010173 38018.939632056128 39810.717055349691 41686.938347033552
43651.583224016656 45708.818961487515 47863.009232263801 50118.723362727251 52480.746024977227 54954.087385762483 57543.993733715666 60255.958607435809
63095.734448019299 66069.344800759645 69183.097091893622 72443.596007499058 75857.757502918364 79432.823472428208 83176.377110267087 87096.358995607967
91201.08393559097 95499.258602143687 100000 104712.85480508985 109647.81961431851 114815.3621496884 120226.44346174131 125892.54117941661
131825.67385564075 138038.42646028867 144543.97707459281 151356.12484362072 158489.31924611141 165958.69074375631 173780.08287493762 181970.08586099825
190546.07179632483 199526.2314968883 208929.6130854041 218776.16239495517 229086.76527677701 239883.29190194898 251188.6431509582 263026.79918953817
275422.87033381633 288403.15031266055 301995.1720402019 316227.76601683791 331131.1214825908 346736.85045253165 363078.05477010173 380189.39632056124
398107.17055349692 416869.38347033551 436515.83224016655 457088.18961487518 478630.09232263803 501187.23362727248 524807.46024977334 549540.87385762483
575439.93733715662 602559.58607435809 630957.34448019427 660693.44800759642 691830.97091893631 724435.96007498913 758577.57502918353 794328.23472428217
831763.77110267081 870963.58995607961 912010.83935590961 954992.58602143684 1000000 1047128.5480508985 1096478.196143185 1148153.6214968842
1202264.4346174132 1258925.4117941661 1318256.7385564074 1380384.2646028867 1445439.7707459279 1513561.2484362072 1584893.1924611141 1659586.9074375632
1737800.8287493763 1819700.8586099825 1905460.7179632483 1995262.3149688828 2089296.1308540408 2187761.623949552 2290867.65276777 2398832.91901949
2511886.4315095823 2630267.9918953814 2754228.7033381634 2884031.5031266059 3019951.7204020191 3162277.6601683795 3311311.2148259077 3467368.5045253169
3630780.5477010175 3801893.9632056127 3981071.7055349695 4168693.8347033551 4365158.3224016652 4570881.8961487515 4786300.9232263807 5011872.3362727249
5248074.6024977341 5495408.7385762483 5754399.3733715666 6025595.8607435813 6309573.4448019424 6606934.4800759647 6918309.7091893628 7244359.6007498913
7585775.7502918355 7943282.3472428219 8317637.7110267086 8709635.8995607961 9120108.3935590964 9549925.8602143694 10000000 10471285.480509007
10964781.961431852 11481536.214968842 12022644.34617413 12589254.117941663 13182567.385564074 13803842.646028839 14454397.70745928 15135612.484362071
15848931.924611142 16595869.074375596 17378008.287493762 18197008.586099826 19054607.179632481 19952623.149688788 20892961.308540408 21877616.23949552
22908676.527677748 23988329.190194897 25118864.315095823 26302679.918953814 27542287.033381689 28840315.031266056 30199517.204020191 31622776.601683792
33113112.148259144 34673685.045253165 36307805.477010176 38018939.632056125 39810717.055349775 41686938.347033553 43651583.224016562 45708818.961487517
47863009.232263803 50118723.362727247 52480746.02497723 54954087.385762483 57543993.733715668 60255958.607435808 63095734.448019296 66069344.800759643
69183097.091893628 72443596.007499054 75857757.502918363 79432823.472428218 83176377.110267088 87096358.995608136 91201083.935590968 95499258.60214369
100000000 104712854.80508985 109647819.61431828 114815362.14968841 120226443.46174131 125892541.17941713 131825673.85564101 138038426.46028867
144543977.0745928 151356124.84362072 158489319.24611109 165958690.74375564 173780082.87493762 181970085.86099824 190546071.79632521 199526231.49688828
208929613.0854041 218776162.39495519 229086765.276777 239883291.90194851 251188643.15095821 263026799.18953815 275422870.33381748 288403150.31266117
301995172.0402019 316227766.01683795 331131121.48259079 346736850.45253098 363078054.77010179 380189396.32056123 398107170.55349857 416869383.47033638
436515832.24016654 457088189.6148752 478630092.32263803 501187233.62727147 524807460.24977124 549540873.85762477 575439937.33715665 602559586.0743593
630957344.48019433 660693448.00759649 691830970.91893625 724435960.07498908 758577575.02918208 794328234.72428215 831763771.10267091 870963589.95608318
912010839.35591149 954992586.02143693 1000000000
