# high_edges: f64, 2185 values. See README.md.
values 2185
0 1.0000000000000001e-05 1.0099984128368181e-05 1.0200967939328916e-05 1.0302961428121493e-05 1.0405974689921665e-05 1.0510017920840982e-05 1.0615101418935906e-05
1.0721235585227122e-05 1.082843092472903e-05 1.0936698047489439e-05 1.1046047669639859e-05 1.1156490614456092e-05 1.1268037813429509e-05 1.1380700307349079e-05 1.1494489247394058e-05
1.1609415896237869e-05 1.1725491629162775e-05 1.1842727935185799e-05 1.1961136418195904e-05 1.2080728798102552e-05 1.2201516911995618e-05 1.2323512715317168e-05 1.2446728283044686e-05
1.2571175810886268e-05 1.2696867616487755e-05 1.2823816140651826e-05 1.2952033948569515e-05 1.3081533731063797e-05 1.3212328305845734e-05 1.3344430618783183e-05 1.3477853745182053e-05
1.3612610891080639e-05 1.3748715394556629e-05 1.3886180727047323e-05 1.4025020494683038e-05 1.4165248439633714e-05 1.4306878441469264e-05 1.4449924518533248e-05 1.4594400829330403e-05
1.4740321673928077e-05 1.4887701495371509e-05 1.5036554881113547e-05 1.5186896564458393e-05 1.5338741426019901e-05 1.5492104495194453e-05 1.5647000951648565e-05 1.5803446126821233e-05
1.5961455505441605e-05 1.6121044727061512e-05 1.6282229587603483e-05 1.6445026040924231e-05 1.6609450200393617e-05 1.6775518340489723e-05 1.6943246898409551e-05 1.7112652475695988e-05
1.7283751839881029e-05 1.7456561926145274e-05 1.7631099838994356e-05 1.7807382853951779e-05 1.7985428419268863e-05 1.8165254157651793e-05 1.8346877868005719e-05 1.8530317527196723e-05
1.8715591291830961e-05 1.8902717500051844e-05 1.9091714673355151e-05 1.9282601518422091e-05 1.9475396928971132e-05 1.9670119987627882e-05 1.9866789967813934e-05 2.0065426335654536e-05
2.0266048751905171e-05 2.04686770738978e-05 2.0673331357506145e-05 2.0880031859130829e-05 2.1088799037704375e-05 2.1299653556716037e-05 2.1512616286257283e-05 2.1727708305087343e-05
2.1944950902719567e-05 2.2164365581528706e-05 2.2385974058878993e-05 2.2609798269273966e-05 2.2835860366527341e-05 2.3064182725955814e-05 2.3294787946593729e-05 2.3527698853429953e-05
2.3762938499666877e-05 2.4000530169002467e-05 2.4240497377934661e-05 2.4482863878089059e-05 2.4727653658569863e-05 2.49748909483341e-05 2.5224600218590058e-05 2.5476806185219213e-05
2.5731533811222633e-05 2.5988808309191833e-05 2.6248655143804062e-05 2.6511100034343084e-05 2.6776168957244631e-05 2.7043888148667554e-05 2.7314284107090663e-05 2.7587383595935552e-05
2.7863213646215381e-05 2.8141801559210706e-05 2.8423174909171506e-05 2.870736154604649e-05 2.8994389598239721e-05 2.9284287475394465e-05 2.9577083871205521e-05 2.9872807766259027e-05
3.0171488430900989e-05 3.0473155428134482e-05 3.0777838616545497e-05 3.1085568153258677e-05 3.1396374496922001e-05 3.1710288410721574e-05 3.2027340965426605e-05 3.2347563542464477e-05
3.2670987837027242e-05 3.2997645861208505e-05 3.3327569947171985e-05 3.3660792750351813e-05 3.3997347252684405e-05 3.4337266765873409e-05 3.4680584934686564e-05 3.5027335740285896e-05
3.5377553503591177e-05 3.5731272888676703e-05 3.60885289062027e-05 3.6449356916880358e-05 3.681379263497186e-05 3.7181872131825398e-05 3.7553631839445169e-05 3.7929108554097815e-05
3.8308339439954172e-05 3.8691362032767798e-05 3.9078214243590277e-05 3.9468934362523322e-05 3.9863561062509103e-05 4.0262133403157778e-05 4.0664690834613591e-05 4.1071273201459713e-05
4.1481920746661652e-05 4.1896674115550944e-05 4.2315574359847854e-05 4.2738662941724686e-05 4.3165981737909673e-05 4.3597573043831933e-05 4.4033479577807496e-05 4.4473744485268016e-05
4.4918411343030885e-05 4.5367524163612519e-05 4.5821127399584731e-05 4.6279265947974216e-05 4.6741985154706963e-05 4.7209330819096145e-05 4.7681349198375388e-05 4.8158087012277228e-05
4.8639591447657485e-05 4.912591016316533e-05 4.9617091293961095e-05 5.0113183456480211e-05 5.0614235753245302e-05 5.1120297777726392e-05 5.1631419619249179e-05 5.2147651867953416e-05
5.2669045619799882e-05 5.3195652481627852e-05 5.3727524576263181e-05 5.4264714547676949e-05 5.4807275566196712e-05 5.5355261333768801e-05 5.5908726089273776e-05 5.6467724613895037e-05
5.7032312236540509e-05 5.7602544839319753e-05 5.8178478863074598e-05 5.8760171312965719e-05 5.9347679764115025e-05 5.9941062367303922e-05 6.0540377854729689e-05 6.1145685545818231e-05
6.1757045353095586e-05 6.2374517788118055e-05 6.2998163967461118e-05 6.362804561876935e-05 6.4264225086865697e-05 6.4906765339922383e-05 6.5555729975693544e-05 6.6211183227809492e-05
6.6873189972135348e-05 6.7541815733191711e-05 6.8217126690640469e-05 6.8899189685835146e-05 6.9588072228436365e-05 7.0283842503094597e-05 7.0986569376198439e-05 7.1696322402691091e-05
7.2413171832954955e-05 7.3137188619764286e-05 7.3868444425308924e-05 7.4607011628286725e-05 7.5352963331067619e-05 7.6106373366929407e-05 7.6867316307364979e-05 7.7635867469464301e-05
7.8412102923368498e-05 7.919609949979941e-05 7.9987934797664127e-05 8.0787687191735818e-05 8.1595435840410522e-05 8.2411260693543041e-05 8.323524250035973e-05 8.4067462817450996e-05
8.4908004016843899e-05 8.5756949294154511e-05 8.6614382676823546e-05 8.7480389032432566e-05 8.8355054077104289e-05 8.9238464383986562e-05 9.0130707391821531e-05 9.1031871413599418e-05
9.1942045645300726e-05 9.2861320174724018e-05 9.3789785990402842e-05 9.4727534990611913e-05 9.5674659992462177e-05 9.6631254741089012e-05 9.7597413918930158e-05 9.8573233155097435e-05
9.9558809034842237e-05 0.00010055423910911452 0.00010155962190421956 0.0001025750569315691 0.00010360064469753116 0.0001046364867133777 0.00010568268550533228 0.0001067393446247182
0.00010780656865820754 0.00010888446323817317 0.00010997313505314377 0.00011107269185836438 0.00011218324248646098 0.00011330489685821349 0.00011443776599343501 0.00011558196202196067
0.00011673759819474578 0.00011790478889507543 0.00011908364964988629 0.00012027429714120087 0.00012147684921767684 0.00012269142490627121 0.00012391814442402156 0.0001251571291899454
0.00012640850183705742 0.00012767238622450814 0.0001289489074498426 0.00013023819186138276 0.0001315403670707336 0.00013285556196541339 0.00013418390672161119 0.00013552553281707109
0.0001368805730441059 0.0001382491615227411 0.00013963143371398942 0.00014102752643325883 0.00014243757786389398 0.00014386172757085362 0.00014530011651452487 0.00014675288706467486
0.00014822018301454255 0.00014970214959507069 0.00015119893348928146 0.00015271068284679391 0.00015423754729848856 0.00015577967797131709 0.00015733722750326106 0.00015891035005843919
0.00016049920134236675 0.00016210393861736732 0.00016372472071813799 0.00016536170806747083 0.00016701506269213099 0.00016868494823889395 0.0001703715299907437 0.00017207497488323149
0.00017379545152099933 0.00017553313019446766 0.0001772881828966909 0.00017906078334038131 0.00018085110697510249 0.00018265933100463532 0.00018448563440451684 0.0001863301979397555
0.00018819320418272321 0.00019007483753122567 0.00019197528422675418 0.00019389473237291878 0.00019583337195406777 0.0001977913948540907 0.00019976899487541199 0.00020176636775817277
0.00020378371119960425 0.000205821224873597 0.0002078791104504628 0.00020995757161689703 0.00021205681409613858 0.00021417704566833236 0.00021631847619109462 0.00021848131762028459
0.00022066578403098419 0.0002228720916386861 0.00022510045882069508 0.00022735110613774178 0.00022962425635581418 0.00023192013446820696 0.00023423896771779045 0.00023658098561950326
0.00023894641998306864 0.00024133550493593908 0.00024374847694647056 0.00024618557484732702 0.00024864703985912019 0.0002511331156142847 0.00025364404818119268 0.00025618008608851002
0.00025874148034979455 0.00026132848448834155 0.00026394135456227598 0.00026658034918989888 0.00026924572957528261 0.00027193775953412655 0.00027465670551986841 0.00027740283665005642
0.0002801764247329884 0.0002829777442946125 0.00028580707260570157 0.00028866468970929586 0.00029155087844842166 0.00029446592449408626 0.00029741011637355344 0.00030038374549890234
0.00030338710619587009 0.00030642049573298424 0.00030948421435098543 0.00031257856529254486 0.00031570385483228002 0.00031886039230706804 0.00032204849014666421 0.00032526846390462487
0.00032852063228954093 0.00033180531719658428 0.00033512284373936715 0.00033847354028212215 0.00034185773847220254 0.00034527577327290863 0.00034872798299664275 0.00035221470933839407
0.0003557362974095596 0.00035929309577210146 0.0003628854564730497 0.00036651373507934446 0.00037017829071303191 0.00037387948608680885 0.00037761768753992214 0.00038139326507443126
0.00038520659239182746 0.00038905804693002482 0.00039294800990071735 0.00039687686632711123 0.00040084500508203276 0.00040485281892641939 0.0004089007045481953 0.00041298906260153393
0.00041711829774651501 0.00042128881868917588 0.00042550103822196569 0.00042975537326460361 0.00043405224490534398 0.00043839207844265576 0.0004427753034273166 0.00044720235370493031
0.00045167366745886897 0.00045618968725364242 0.00046075086007870374 0.00046535763739269012 0.00047001047516810851 0.0004747098339364683 0.00047945617883386244 0.0004842499796470072
0.00048909171085973879 0.00049398185169998061 0.00049892088618717283 0.0005039093031801833 0.00050894759642569262 0.00051403626460706298 0.00051917581139370079 0.00052436674549090508
0.00052960958069022182 0.00053490483592029685 0.00054025303529823892 0.00054565470818149534 0.00055111038922024745 0.00055662061841033094 0.00056218594114668249 0.00056780690827732273
0.00057348407615787729 0.00057921800670664495 0.00058500926746021689 0.00059085843162964868 0.00059676607815719728 0.0006027327917736225 0.00060875916305606307 0.00061484578848649348
0.0006209932705107603 0.00062720221759821342 0.0006334732443019288 0.00063980697131953796 0.00064620402555466499 0.00065266504017897427 0.00065919065469484286 0.00066578151499865424
0.00067243827344473368 0.00067916158890991135 0.00068595212685874192 0.00069281055940936906 0.00069973756540005151 0.00070673383045635199 0.00071380004705900036 0.0007209369146124365
0.00072814513951403349 0.00073542543522401801 0.00074277852233608512 0.00075020512864872307 0.00075770598923725115 0.00076528184652657489 0.00077293345036467086 0.00078066155809680389
0.00078846693464048939 0.00079635035256120541 0.000804312592148858 0.00081235444149501442 0.00082047669657090523 0.00082868016130620986 0.00083696564766863038 0.0008453339757442561
0.00085378597381873683 0.00086232247845926136 0.00087094433459736611 0.00087965239561255842 0.00088844752341678886 0.00089733058853975936 0.00090630247021508486 0.00091536405646732431
0.00092451624419986899 0.00093375993928372387 0.00094309605664716475 0.00095252552036629928 0.00096204926375652745 0.00097166822946492207 0.00098138336956353251 0.00099119564564361631
0.0010011060289108187 0.0010111155002812966 0.001021225050478816 0.0010314356801328034 0.0010417483998773965 0.0010521642304514654 0.0010626842027996522 0.0010733093581744091
0.0010840407482390572 0.0010948794351718855 0.0011058264917712763 0.0011168830015618957 0.0011280500589019374 0.0011393287690914357 0.0011507202484816758 0.0011622256245856827
0.001173846036189819 0.0011855826334665085 0.0011974365780880688 0.0012094090433417001 0.0012215012142456128 0.0012337142876663152 0.0012460494724370851 0.0012585079894776106
0.0012710910719148415 0.0012837999652050411 0.0012966359272570539 0.0013096002285568203 0.001322694152293124 0.0013359189944845958 0.0013492760641080012 0.0013627666832277899
0.0013763921871269627 0.0013901539244392306 0.0014040532572824967 0.0014180915613936878 0.0014322702262649098 0.0014465906552809892 0.0014610542658583733 0.0014756624895854195
0.0014904167723641028 0.001505318574553117 0.0015203693711124296 0.0015355706517492667 0.0015509239210655579 0.0015664306987068679 0.0015820925195128063 0.001597910933668937
0.0016138875068602261 0.0016300238204259977 0.0016463214715164642 0.0016627820732508054 0.0016794072548768273 0.001696198661932235 0.0017131579564074919 0.0017302868169103336
0.0017475869388319089 0.0017650600345145815 0.0017827078334214266 0.0018005320823074053 0.0018185345453922506 0.0018367170045350994 0.0018550812594108452 0.0018736291276882794
0.0018923624452099961 0.0019112830661740961 0.0019303928633177263 0.0019496937281024242 0.0019691875709013473 0.0019888763211883521 0.0020087619277289652 0.002028846358773284
0.0020491316022507745 0.002069619665967048 0.0020903125778025866 0.00211121238591345 0.0021323211589340165 0.0021536409861817236 0.0021751739778638605 0.0021969222652864491
0.002218888001065181 0.0022410733593384927 0.002263480535982756 0.0022861117488296137 0.0023089692378855148 0.0023320552655534074 0.0023553721168566859 0.0023789220996653518
0.0024027075449244359 0.0024267308068847281 0.0024509942633357887 0.0024755003158412926 0.0025002513899767503 0.0025252499355695661 0.002550498426941539 0.0025759993631537582
0.0026017552682539497 0.0026277686915263218 0.0026540422077438674 0.0026805784174232308 0.0027073799470820957 0.0027344494494991448 0.0027617896039766475 0.0027894031166056411
0.0028172927205337714 0.0028454611762358333 0.0028739112717869773 0.0029026458231386884 0.0029316676743974977 0.0029609796981064783 0.0029905847955295868 0.003020485896938803
0.0030506859619041839 0.0030811879795867906 0.0031119949690345408 0.0031431099794810521 0.0031745360906474266 0.0032062764130470984 0.0032383340882936986 0.0032707122894119998
0.0033034142211519958 0.0033364431203060925 0.0033698022560294744 0.0034034949301637017 0.0034375244775634957 0.0034718942664268429 0.0035066076986283636 0.0035416682100560147
0.0035770792709511933 0.0036128443862521874 0.0036489670959411174 0.003685450975394306 0.0037222996357361517 0.0037595167241965795 0.0037971059244720231 0.0038350709570900221
0.0038734155797775032 0.0039121435878326817 0.0039512588145007438 0.0039907651313532428 0.0040306664486712907 0.004070966715832622 0.0041116699217024618 0.0041527800950283706
0.0041943013048389892 0.0042362376608467743 0.0042785933138548013 0.0043213724561675711 0.0043645793220059891 0.0044082181879264498 0.0044522933732441079 0.004496809240460432
0.004541770195694979 0.0045871806891214931 0.0046330452154084148 0.0046793683141637121 0.0047261545703842466 0.0047734086149095684 0.0048211351248802579 0.0048693388242009002
0.0049180244840076074 0.0049671969231402944 0.0050168610086196294 0.0050670216561287439 0.005117683830499817 0.0051688525462054678 0.0052205328678550681 0.0052727299106960666
0.0053254488411202446 0.0053786948771751197 0.0054324732890804004 0.0054867893997496133 0.0055416485853169934 0.0055970562756695614 0.0056530179549846094 0.0057095391622724962
0.0057666254919248776 0.005824282594268467 0.0058825161761242575 0.005941332001372408 0.0060007358915227342 0.0060607337262908907 0.0061213314441803737 0.0061825350430702915
0.0062443505808090025 0.006306784175813763 0.0063698420076762604 0.0064335303177743136 0.006497855409889613 0.0065628236508316418 0.006628441471067897 0.0066947153653603196
0.0067616518934081812 0.0068292576804973365 0.0068975394181559589 0.0069665038648169088 0.0070361578464866441 0.0071065082574208347 0.0071775620608067921 0.0072493262894526211
0.0073218080464833675 0.0073950145060440522 0.0074689529140097395 0.0075436305887027714 0.007619054921617071 0.0076952333781497894 0.007772173498340201 0.007849882897615984
0.0079283692675470255 0.0080076403766067093 0.0080877040709407978 0.0081685682751440856 0.0082502409930447114 0.0083327303084964124 0.0084160443861786352 0.0085001914724046352
0.0085851798959377459 0.0086710180688156831 0.0087577144871832102 0.0088452777321330594 0.0089337164705552401 0.0090230394559949433 0.0091132555295188791 0.0092043736205904229
0.009296402747953415 0.0093893520205247834 0.0094832306382962011 0.0095780478932446581 0.0096738131702521352 0.0097705359480345731 0.0098682258000799949 0.0099668923955961337
0.010066545500467457 0.010167194978221744 0.01026885079100644 0.010371523000574609 0.010475221769280908 0.010579957361087413 0.010685740142579498 0.010792580583991967
0.010900489260245358 0.011009476851992592 0.011119554146676218 0.011230732039596038 0.011343021534987601 0.011456433747111337 0.011570979901352611 0.01168667133533287
0.011803519500031737 0.011921535960920486 0.012040732399106755 0.012161120612490675 0.012282712516932708 0.012405520147432954 0.012529555659322454 0.012654831329466263
0.012781359557478566 0.012909152866950047 0.013038223906687421 0.013168585451965352 0.013300250405791034 0.013433231800181189 0.013567542797452073 0.013703196691522212
0.013840206909228171 0.01397858701165363 0.014118350695471526 0.014259511794299828 0.01440208428007073 0.014546082264413526 0.01469152000005145 0.014838411882212349
0.014986772450053455 0.015136616388100557 0.015287958527701333 0.015440813848493443 0.015595197479887156 0.015751124702562774 0.015908610949983214 0.016067671809921472
0.01622832302600357 0.016390580499266814 0.016554460289733581 0.01671997861800105 0.016887151866846611 0.017055996582849387 0.017226529478028094 0.017398767431495033
0.017572727491126906 0.017748426875252115 0.017925882974354962 0.018105113352797072 0.018286135750555724 0.01846896808497988 0.018653628452563544 0.018840135130736891
0.019028506579675458 0.019218761444127163 0.019410918555257867 0.019604996932515207 0.019801015785511047 0.019998994515922939 0.02019895271941442 0.020400910187574492
0.020604886909876732 0.020810903075657628 0.021018979076115062 0.021229135506326522 0.021441393167287527 0.021655773067970622 0.021872296427404639 0.022090984676775092
0.022311859461545337 0.02253494264359893 0.022760256303403649 0.022987822742196896 0.023217664484192976 0.023449804278812689 0.023684265102934841 0.023921070163170629
0.024160242898160524 0.024401806980894135 0.024645786321053492 0.024892205067379387 0.025141087610061782 0.02539245858315382 0.025646342867009994 0.025902765590748972
0.026161752134740607 0.026423328133118252 0.026687519476315903 0.026954352313630733 0.027223853055811459 0.027496048377672361 0.027770965220733451 0.028048630795887288
0.028329072586092061 0.028612318349091996 0.028898396120164711 0.02918733421489602 0.029479161231982767 0.029773906056063254 0.030071597860576414 0.030372266110649263
0.030675940566013235 0.030982651283949929 0.031292428622266062 0.031605303242298141 0.031921306111947496 0.032240468508745193 0.032562822022948065 0.032888398560665361
0.033217230347016707 0.033549349929321896 0.03388479018032213 0.034223584301433956 0.03456576582603537 0.03491136862278485 0.035260426898973796 0.035612975203912212
0.035969048432348293 0.036328681827922454 0.036691910986655432 0.037058771860471795 0.037429300760758288 0.037803534361957783 0.038181509705199512 0.038563264201965076
0.038948835637791612 0.039338262176011662 0.039731582361530411 0.040128835124641077 0.040530059784877843 0.04093529605490797 0.041344584044462354 0.041757964264305412
0.042175477630245033 0.042597165467182257 0.043023069513201395 0.043453231923701548 0.043887695275568718 0.044326502571390328 0.044769697243711409 0.045217323159333397
0.045669424623656273 0.046126046385063534 0.046587233639351619 0.047053032034203204 0.047523487673705199 0.047998647122912338 0.048478557412456012 0.048963266043199137
0.049452820990938048 0.049947270711150717 0.050446664143793112 0.050951050718143112 0.051460480357692767 0.051975003485090002 0.052494671027128993 0.053019534419791181
0.053549645613336194 0.054085057077443634 0.054625821806406842 0.055171993324377756 0.055723625690665059 0.056280773505084709 0.056843491913363998 0.057411836612600145
0.057985863856772929 0.058565630462312473 0.05915119381372326 0.059742611869263509 0.060339943166682189 0.060943246829012886 0.061552582570425458 0.062168010702136969
0.062789592138380659 0.063417388402435618 0.064051461632716078 0.064691874588921588 0.065338690658249293 0.065991973861667677 0.066651788860253136 0.067318200961590455
0.067991276126236316 0.068671080974248525 0.069357682791779701 0.070051149537736987 0.070751549850509035 0.071458953054759133 0.072173429168287423 0.072895048908960883
0.073623883701712717 0.074360005685612324 0.075103487721005294 0.075854403396724807 0.076612827037375875 0.077378833710691305 0.078152499234962286 0.07893390018654263
0.079723113907427881 0.080520218512911093 0.081325292899313992 0.082138416751796478 0.082959670552243639 0.083789135587231389 0.084626893956072743 0.085473028578943192
0.086327623205088619 0.087190762421114454 0.088062531659357679 0.088943017206343303 0.089832306211324625 0.090730486694908907 0.091637647557770138 0.092553878589447566
0.093479270477233589 0.094413914815149658 0.095357904113011691 0.096311331805587402 0.097274292261843434 0.098246880794286645 0.099229193668397678 0.10022132811215889
0.10122338232567846 0.10223545549090968 0.10325764778146813 0.10429006037254601 0.10533279545092741 0.1063859562251019 0.10744964693548012 0.10852397286471162
0.10960904034810465 0.11070495678415246 0.11181183064516252 0.11292977148799324 0.11405888996489796 0.11519929783447622 0.11635110797273687 0.11751443438426949
0.11868939221352859 0.11987609775623072 0.12107466847086427 0.12228522299031687 0.12350788113361641 0.12474276391779096 0.12598999356984678 0.12724969353886642
0.12852198850822658 0.12980700440794063 0.13110486842712188 0.13241570902657296 0.13373965595150089 0.13507684024435801 0.13642739425781403 0.137791451667855
0.1391691474870147 0.14056061807773818 0.14196600116587771 0.14338543585432637 0.14481906263678501 0.14626702341166861 0.14772946149615132 0.14920652164035067
0.15069835004165652 0.15220509435920032 0.15372690372847045 0.15526392877607381 0.15681632163464332 0.15838423595789775 0.15996782693584879 0.16156725131016209
0.16318266738967135 0.16481423506604648 0.1664621158296212 0.16812647278537599 0.16980747066908222 0.17150527586360759 0.17322005641538465 0.17495198205104259
0.1767012241942085 0.17846795598247336 0.18025235228452921 0.18205458971747787 0.18387484666431075 0.18571330329156716 0.18757014156716545 0.1894455452784144
0.19133970005020448 0.19325279336337936 0.19518501457329474 0.19713655492855889 0.19910760758996268 0.20109836764959874 0.20310903215016965 0.20513980010449359
0.20719087251520066 0.20926245239462818 0.21135474478491512 0.21346795677829503 0.21560229753759644 0.21775797831694382 0.21993521248266751 0.22213421553442297
0.22435520512651888 0.22659840108946283 0.22886402545171816 0.23115230246168048 0.23346345860987341 0.23579772265136681 0.23815532562841671 0.24053650089333645
0.2429414841315917 0.24537051338512864 0.24782382907593567 0.25030167402983788 0.2528042935005349 0.25533193519387337 0.25788484929236538 0.26046328847995165
0.26306750796700945 0.26569776551561652 0.26835432146506177 0.2710374387576136 0.27374738296454659 0.2764844223124247 0.27924882770965348 0.2820408727732921
0.28486083385613592 0.28770899007407041 0.29058562333369498 0.29349101836022939 0.29642546272569309 0.29938924687736945 0.30238266416655402 0.30540601087758817
0.30845958625718806 0.3115436925440615 0.31465863499882379 0.31780472193421166 0.32098226474560076 0.32419157794182413 0.32743297917630598 0.33070678927849995
0.334013332285645 0.33735293547483886 0.34072592939542873 0.34413264790173276 0.34757342818608167 0.35104861081219424 0.35455853974888679 0.35810356240411551
0.36168402965936713 0.36530029590438545 0.3689527190722493 0.37264166067480098 0.37636748583842511 0.38013056334019296 0.38393126564436048 0.38776996893923488
0.39164705317441023 0.39556290209837125 0.39951790329648063 0.40351244822933879 0.40754693227153094 0.41162175475076129 0.41573731898737487 0.41989403233428257
0.424092306217277 0.42833255617575561 0.43261520190385039 0.4369406672919694 0.44130938046874929 0.44572177384343625 0.45017828414868183 0.45467935248377073
0.45922542435828156 0.46381694973617865 0.46845438308035464 0.47313818339760899 0.4778688142840804 0.48264674397113438 0.48747244537170381 0.4923463961271034
0.49726907865430175 0.50224098019367158 0.5072625928572172 0.51233441367727839 0.517456944655733 0.52263069281367958 0.5278561702416229 0.53313389415016155
0.53846438692117526 0.5438481761595374 0.54928579474533101 0.55477778088659457 0.56032467817259368 0.56592703562762048 0.57158540776534217 0.57730035464368101
0.58307244192024998 0.58890224090834031 0.59479032863347048 0.60073728789049463 0.60674370730129423 0.61281018137303411 0.61893731055700707 0.62512570130806711
0.63137596614465064 0.63768872370940977 0.64406459883044009 0.65050422258312646 0.6570082323526073 0.66357727189685678 0.67021199141041099 0.67691304758871829
0.68368110369313895 0.69051682961659588 0.69742090194987338 0.7043940040485942 0.71143682610085135 0.71855006519552322 0.72573442539127209 0.73299061778622498
0.740319360588366 0.74772137918661774 0.75519740622264053 0.76274818166334868 0.77037445287415274 0.77807697469292647 0.78585650950472874 0.79371382731725793
0.80164970583706685 0.80966493054654121 0.81776029478163925 0.82593659981042411 0.83419465491236655 0.84253527745844736 0.85095929299206174 0.85946753531072317
0.86806084654860238 0.87674007725987313 0.88550608650290108 0.89435974192527412 0.90330191984967312 0.91233350536062041 0.9214553923920773 0.9306684838159256
0.9399736915313347 0.94937193655501284 0.95886414911237938 0.96845126872962917 0.97813424432672824 0.98791403431133806 0.99779160667366928 1.0077679390823047
1.0178440189809588 1.0280208436862166 1.0382994204862455 1.048680766740498 1.0591659099804005 1.0697558880110687 1.0804517490140202 1.0912545516509247
1.1021653651683896 1.1131852695037856 1.124315355392149 1.1355567244741336 1.1469104894050508 1.1583777739650021 1.1699597131700985 1.1816574533848183
1.193472152435463 1.2054049797247586 1.2174571163476056 1.2296297552079709 1.2419241011369759 1.2543413710121376 1.2668827938778173 1.2795496110668718
1.2923430763235084 1.3052644559273945 1.3183150288189813 1.3314960867260952 1.3448089342917933 1.358254889203484 1.371835282323367 1.3855514578201489
1.39940477330209 1.413396599951378 1.4275283226598499 1.4418013401660537 1.4562170651937114 1.4707769245915376 1.4854823594744695 1.5003348253663091
1.5153357923437767 1.5304867451820368 1.5457891835016446 1.5612446219169822 1.5768545901861732 1.5926206333624864 1.6085443119472791 1.6246272020444434
1.6408708955164086 1.6572770001417043 1.6738471397740846 1.6905829545032731 1.7074861008172844 1.7245582517663844 1.7418010971286897 1.7592163435774049
1.7768057148497696 1.7945709519176551 1.8125138131598895 1.8306360745363013 1.8489395297634872 1.8674259904923749 1.8860972864875216 1.9049552658082263
1.9240017949914474 1.943238759236555 1.9626680625919082 1.98229162814334 2.0021113982044856 2.022129334509033 2.0423474184048986 2.0627676510503203
2.0833920536119552 2.1042226674649136 2.1252615543948186 2.1465107968018802 2.1679724979069928 2.1896487819599346 2.2115417944496056 2.2336537023163903
2.2559866941666415 2.2785429804892883 2.3013247938746542 2.324334389235418 2.3475740440298072 2.3710460584870208 2.394752755834884 2.4186964825298292
2.4428796084891222 2.467304527325441 2.4919736565837964 2.516889437980796 2.5420543376463551 2.5674708463677676 2.5931414798362473 2.6190687788959277
2.6452553097953557 2.6717036644414747 2.6984164606562002 2.7253963424355065 2.7526459802111307 2.7801680711148951 2.8079653392456421 2.836040535938896
2.8643964400391639 2.8930358581749873 2.9219616250367455 2.9511766036572027 2.9806836856949261 3.0104857917204724 3.0405858715054688 3.0709869043145832
3.1016918992003824 3.1327038953012023 3.1640259621419315 3.1956611999378373 3.2276127399014238 3.2598837445523321 3.2924774080303987 3.3253969564117831
3.3586456480282867 3.3922267737898628 3.4261436575103215 3.4603996562363557 3.4949981605797902 3.5299425950531869 3.5652364184087975 3.6008831239809145
3.6368862400316071 3.6732493300999862 3.7099759933548913 3.747069864951138 3.7845346163893274 3.8223739558792169 3.8605916287067985 3.8991914176049733
3.938177143127966 3.977552664029488 4.0173218776446404 4.0574887202757131 4.0980571675817625 4.1390312349721263 4.1804149780038706 4.2222124927831715
4.2644279163707886 4.3070654271915156 4.3501292454477625 4.3936236335372749 4.4375528964749806 4.4819213823191557 4.5267334826017454 4.5719936327630446
4.6177063125907134 4.6638760466631854 4.7105074047974709 4.7576050025015251 4.8051735014310459 4.8532176098508923 4.9017420831011078 4.9507517240675574
5.000251383657373 5.0502459612790505 5.1007404053273921 5.1517397136733045 5.2032489341584416 5.2552731650948914 5.3078175557697618 5.3608873069548579
5.4144876714214618 5.4686239544601953 5.5233015144062012 5.5785257631694574 5.6343021667704516 5.6906362458812128 5.7475335763716933 5.8049997898617312
5.8630405742784113 5.9216616744190622 5.9808688925198794 6.0406680888301763 6.1010651821924933 6.1620661506283909 6.2236770319301558 6.2859039242584158
6.3487529867457395 6.4122304401062058 6.4763425672511987 6.5410957139112345 6.6064962892640606 6.6725507665690431 6.7392656838078278 6.8066476443315391
6.8747033175143217 6.9434394394134724 7.0128628134361879 7.0829803110128928 7.1537988722774539 7.2253255067540474 7.2975672940509657 7.3705313845613647
7.4442250001709329 7.5186554349728043 7.5938300559894492 7.6697563039018686 7.7464416937860836 7.8238938158568976 7.9021203362192622 7.9811289976269988
8.0609276202491742 8.1415241024441514 8.2229264215412918 8.3051426346306414 8.3881808793603376 8.4720493747420864 8.5567564219646641 8.6423104052155786
8.7287197925108533 8.8159931365332813 8.9041390754788967 8.9931663339119776 9.0830837236286222 9.1739001445288437 9.2656245854975889 9.3582661252943655
9.4518339334518693 9.546337271183587 9.6417854923003823 9.7381880441364466 9.8355544684842879 9.9338944025392042 10.033217579853169 10.133533831298163
10.234853086039344 10.337185372517746 10.440540819442896 10.544929656795359 10.650362216839206 10.756848935144813 10.864400351621677 10.973027111561663
11.082739966692678 11.193549776242774 11.305467508015122 11.41850423947349 11.532671158838705 11.647979566196039 11.764440874613712 11.882066611272437
12.000868418606512 12.120858055456072 12.242047398230994 12.364448442086427 12.48807330210996 12.612934214520902 12.73904353788131 12.866413754319247
12.995057470764271 13.124987420195149 13.256216462900305 13.388757587750607 13.522623913485019 13.657828690009097 13.794385299706347 13.932307258762947
14.071608218505455 14.212301966752035 14.354402429177172 14.497923670689911 14.642879896826146 14.789285455154559 14.937154836696743 15.086502677361542
15.237343759393564 15.389693012836494 15.543565517010729 15.698976502005932 15.855941350188493 16.014475597724086 16.17459493611528 16.336315213754869
16.499652437494383 16.664622774228462 16.831242552495073 16.999528264091541 17.169496565707085 17.341164280571356 17.51454840011959 17.689666085674453
17.866534670144489 18.045171659739914 18.225594735705243 18.407821756069364 18.591870757413147 18.777759956654528 18.965507752851831 19.155132729024718
19.346653653993553 19.540089484237157 19.735459365768929 19.932782636032133 20.132078825813743 20.333367661177594 20.536669065416852 20.742003161026044
20.949390271692568 21.15885092430857 21.370405851002499 21.584075991191174 21.799882493652401 22.017846718618063 22.237990239888585 22.460334846968124
22.684902547221281 22.911715568051434 23.140796359100566 23.372167594471588 23.605852174972416 23.841873230382692 24.080254121743188 24.321018443667867
24.564190026679526 24.809792939568318 25.057851491774098 25.308390235792583 25.561433969605336 25.817007739134514 26.075136840721708 26.335846823631769
26.599163492581699 26.865112910294553 27.133721400079409 27.405015548436609 27.679022207689297 27.95576849864123 28.235281813261217 28.517589817394104
28.80272045349945 29.090701943417002 29.38156279116011 29.675331785737086 29.972038004000435 30.271710813525232 30.574379875515628 30.880075147740737
31.188826887499879 31.500665654617155 31.815622314466594 32.133728041026913 32.455014319967134 32.779512951763081 33.107256054844633 33.438276068775217
33.772605757462323 34.11027821240053 34.451326855946903 34.79578544462882 35.143688072485567 35.495069174442634 35.849963529720128 36.208406265275215
36.570432859278668 36.936079144626873 37.305381312488244 37.678375915885418 38.055099873313267 38.435590472393073 38.819885373562933 39.208022613805767
39.600040610413899 39.99597816479158 40.395874466295609 40.799769096113913 41.207702031183715 41.619713648148071 42.035844727352412 42.456136456880948
42.880630436633133 43.309368682441615 43.74239363023063 44.179748140216276 44.621475501148893 45.067619434597347 45.518224099277056 45.973334095420434
46.432994469191406 46.897250717144175 47.366148790725944 47.839735100825777 48.318056522367847 48.80116039895119 49.289094547535782 49.781907263175007
50.279647323796425 50.782363995029357 51.290107035081228 51.802926699662557 52.320873746961318 52.843999442666473 53.372355565042838 53.905994410055584
54.444968796546526 54.989332071462194 55.539138115133554 56.09444134660972 56.655296729043798 57.221759775133208 57.793886552614339 58.371733689811606
58.955358381243151 59.544818393281382 60.140172069870765 60.741478338302734 61.348796715047733 61.962187311646808 62.581710840660904 63.207428621680208
63.839402587393607 64.477695289718199 65.122369905991363 65.773490245223442 66.431120754413612 67.095326524928893 67.766173298946242 68.443727475960472
69.12805611935579 69.819226963043846 70.517308418167858 71.222369579874069 71.934480234150087 72.653710864733057 73.380132660085465 74.113817520441486
74.854838064923612 75.603267638729889 76.359180320394358 77.122650929118691 77.893755032177836 78.672568952399686 79.45916977571882 80.253635358807273
81.05604433678009 81.86647613097864 82.68501095683186 83.51172983179508 84.346714583370186 85.190047857203993 86.041813125268604 86.902094694123576
87.770977713259683 88.648548183528007 89.53489296565148 90.430099788822389 91.334257259385879 92.247454869609371 93.169783006541465 94.101332960957635
95.042196936396167 95.992468058284416 96.952240383156422 97.921608907961641 98.900669579468882 99.889519303762157 100.88825595583248 101.89697838926567
102.91578644602588 103.94478096633905 104.98406379867315 106.03373780981913 107.09390689507285 108.16467598851754 109.24615107341141 110.33843919267677
111.44164845949531 112.55588806800912 113.68126830412777 114.81790055644552 115.96589732726559 117.12537224373565 118.29644006909476 119.47921671403148
120.67381924815803 121.88036591159667 123.09897612668327 124.32977050978747 125.57287088325143 126.82840028744663 128.09648299295372 129.37724451286172
130.6708116151913 131.97731233544232 133.29687598926577 134.62963318526459 135.97571583792023 137.33525718064965 138.70839177899265 140.09525554393011
141.49598574533786 142.91072102557229 144.33960141319329 145.78276833682446 147.24036463915024 148.71253459105611 150.19942390590708 151.70117975397056
153.21795077698343 154.749887102863 156.29714036056842 157.85986369510746 159.43821178269499 161.03234084606274 162.64240866992088 164.26857461657724
165.91099964170942 167.56984631029641 169.24527881270893 170.93746298096113 172.64656630512309 174.3727579499008 176.11620877137844 177.87709133392994
179.65557992729933 181.45185058385044 183.2660810959924 185.09845103377592 186.94914176266718 188.81833646149954 190.70622014060282 192.6129796601177
194.53880374848919 196.48388302114734 198.44840999937423 200.43257912935812 202.43658680144165 204.46063136955883 206.50491317086815 208.5696345455822
210.65499985699321 212.76121551170328 214.88848998005253 217.03703381675354 219.20705968173235 221.39878236117531 223.61241878879119 225.84818806728097
228.10631149002498 230.38701256298609 232.69051702683248 235.01705287927942 237.36685039765877 239.7401421617098 242.13716307660002 244.5581503961763
247.00334374644592 249.47298514929739 251.96731904645347 254.48659232366614 257.03105433515373 259.60095692827923 262.19655446848117 264.81810386444829
267.46586459354842 270.14009872751177 272.84107095836822 275.56904862464961 278.32430173784803 281.10710300914218 283.91772787639007 286.75645453138964
289.6235639474167 292.51933990703355 295.44406903017762 298.39804080253134 301.38154760417274 304.39488473851839 307.43835046154976 310.5122460113347
313.61687563784363 316.75254663306447 319.91956936141531 323.11825729046785 326.34892702197112 329.61189832318939 332.90749415855265 336.2360407216205
339.5978674673724 342.99330714481425 346.42269582991366 349.88637295886531 353.38468136168495 356.91796729614646 360.48658048205129 364.09087413584371
367.73120500557258 371.40793340619888 375.12142325526349 378.8720421089044 382.66016119823757 386.48615546610171 390.35040360416644 394.25328809041946
398.19519522702046 402.17651517853761 406.19764201056626 410.25897372872998 414.3609123180791 418.50386378287584 422.68823818678055 426.91444969343928
431.18291660747815 435.49406141590305 439.84831082992184 444.24609582717648 448.68785169440127 453.17401807050783 457.7050389900964 462.28136292741129
466.90344284072654 471.57173621717982 476.28670511805524 481.04881622451336 485.85854088378869 490.71635515583887 495.62273986046563 500.57818062490645
505.58316793189755 510.63819716822701 515.7437686737635 520.90038779098018 526.10856491497407 531.36881554397996 536.68166033039972 542.04762513233197
547.46724106562192 552.9410445564298 558.46957739432753 564.05338678591932 569.69302540901037 575.38905146730553 581.14202874566092 586.95252666588726
592.82112034310626 598.74839064268167 604.73492423770756 610.78131366707805 616.8881573941369 623.05605986590751 629.28563157292808 635.577489109672
641.93225523557885 648.35055893669517 654.83303548792594 661.38032651592096 667.99308006257672 674.67195064918008 681.4175993411933 688.23069381368009
695.11190841739904 702.06192424554467 709.08142920116245 716.17111806523815 723.33169256546 730.56386144568387 737.86834053607777 745.24585282397538
752.69712852543603 760.22290515752252 767.82392761129256 775.5009482255374 783.25472686124021 791.08603097678815 798.99563570393559 806.98432392451946
815.05288634795727 823.20212158950437 831.43283624930075 839.74584499220953 848.14197062844426 856.62204419501995 865.18690503800076 873.83740089557966
882.57438798198757 891.39873107223355 900.31130358770952 909.31298768263332 918.40467433136473 927.58726341659508 936.8616638184086 946.2287935042533
955.68957961979311 965.24495858067701 974.8958761652259 984.64328760803733 994.48815769454438 1004.4314608565011 1014.4741812684347 1024.6173129450474
1034.8618598396254 1045.2088359433772 1055.6592653858313 1066.2141825361732 1076.8746321056381 1087.6416692509292 1098.5163596786238 1109.4997797506915
1120.5930165909999 1131.7971681929296 1143.1133435280665 1154.5426626559333 1166.0862568348889 1177.7452686340664 1189.5208520464766 1201.4141726032433
1213.4264074889322 1225.5587456581063 1237.8123879529714 1250.1885472222505 1262.6884484412428 1275.3133288330371 1288.0644379910091 1300.9430380024701
1313.9504035736004 1327.0878221556356 1340.3565940722588 1353.7580326483474 1367.2934643399271 1380.9642288654782 1394.7716793385562 1408.7171824016821
1422.8021183616563 1437.0278813261384 1451.3958793416523 1465.9075345329697 1480.5642832438293 1495.3675761791519 1510.3188785485863 1525.4196702115521
1540.6714458237332 1556.075714984973 1571.6340023887431 1587.3478479730031 1603.2188070726752 1619.2484505735422 1635.4383650677512 1651.7901530108727
1668.3054328804631 1684.9858393363118 1701.8330233821921 1718.8486525292942 1736.034410961294 1753.3919997010039 1770.923136778792 1788.629557402583
1806.5130141296256 1824.5752770399818 1842.8181339116757 1861.243390397703 1879.8528702047022 1898.6484152734822 1917.6318859613609 1936.8051612262448
1956.1701388126687 1975.7287354395776 1995.482886990063 2015.4345487029993 2035.5856953665138 2055.938321513514 2076.4944416190451 2097.2560902997061
2118.225322515058 2139.4042137709612 2160.7948603250761 2182.3993793942855 2204.2199093642807 2226.2586100012431 2248.5176626655516 2270.9992705277637
2293.7056587866177 2316.6390748893073 2339.80178875396 2363.1960929942425 2386.8243031463594 2410.6887578981723 2434.7918193207092 2459.1358731019905
2483.7233287830882 2508.5566199967025 2533.6382047079678 2558.9705654577674 2584.5562096084855 2610.3976695921074 2636.4975031609624 2662.8582936408116
2689.4826501865718 2716.3732080406021 2743.5326287934586 2770.963600647422 2798.6688386824967 2826.6510851251769 2854.9131096199039 2883.4577095031218
2912.2877100802461 2941.4059649052138 2970.8153560630217 3000.5187944549048 3030.5192200864903 3060.819602358833 3091.4229403622357 3122.332263173194
3153.5506301541227 3185.081131256205 3216.9268873252704 3249.0910504106023 3281.5768040770249 3314.3873637199199 3347.5259768835181 3380.9959235823794
3414.8005166259481 3448.943101946561 3483.4270589305256 3518.2558007526491 3553.4327747141115 3588.9614625835757 3624.8453809419243 3661.0880815302221
3697.6931516013083 3734.6642142749006 3772.004928896104 3809.7189913977281 3847.8101346659964 3886.2821289100721 3925.1387820352711 3964.3839400198572
4004.0214872958354 4044.0553471333178 4084.4894820288901 4125.3278940978644 4166.5746254702881 4208.233758691159 4250.3094171243965 4292.8057653610131
4335.7270096313741 4379.0773982214032 4422.8612218932085 4467.0828143096596 4511.7465524633735 4556.8568571100031 4602.4181932056645 4648.4350703490263
4694.9120432275295 4741.8537120682577 4789.2647230933244 4837.1497689796106 4885.5135893233983 4934.3609711093486 4983.6967491843725 5033.5258067362365
5083.853075776753 5134.6835376301069 5186.0222234257562 5237.8742145964698 5290.2446433813402 5343.1386933336216 5396.561599833959 5450.5186506084074
5505.0151862519779 5560.0566007570897 5615.6483420475233 5671.7959125177194 5728.5048695772366 5785.7808262010049 5843.6294514847204 5902.0564712060423
5961.0676683913862 6020.6688838881591 6080.8660169430705 6141.6650257858573 6203.0719282190985 6265.0928022139233 6327.7337865114232 6391.001081230459
6454.900948481165 6519.4397129848358 6584.6237627000182 6650.459549454602 6716.953589584622 6784.1124645790505 6851.9428217313007 6920.4513747972569
6989.6449046595908 7059.5302599991537 7130.1143579726495 7201.4041848973702 7273.4067969427779 7346.1293208287161 7419.5789545310308 7493.7629679938145
7568.6887038490604 7644.3635781435205 7720.7950810725197 7797.9907777215731 7875.9583088149493 7954.7053914720327 8034.2398199712497 8114.5694665213086
8195.7022820406437 8277.6462969441563 8360.4096219381445 8444.0004488232062 8528.4270513047995 8613.6977858124501 8699.821092326607 8786.8054952141283
8874.6596040721197 8963.3921145798467 9053.0118093597139 9143.527558846301 9234.9483221644514 9327.2831480161512 9420.5411755758923 9514.731635395563
9609.8638503177626 9705.9472363988734 9802.9913038407831 9901.0056579323009 10000 10471.285480508985 10964.781961431851 11481.536214968817
12022.644346174131 12589.254117941662 13182.567385564074 13803.842646028837 14454.39770745928 15135.612484362071 15848.931924611141 16595.869074375598
17378.008287493762 18197.008586099826 19054.607179632483 19952.623149688789 20892.961308540409 21877.616239495517 22908.676527677748 23988.329190194898
25118.864315095823 26302.679918953814 27542.28703338169 28840.315031266058 30199.517204020191 31622.776601683792 33113.112148259075 34673.685045253165
36307.805477010173 38018.939632056128 39810.717055349691 41686.938347033552 43651.583224016562 45708.818961487515 47863.009232263801 50118.723362727251
52480.746024977227 54954.087385762483 57543.993733715666 60255.958607435809 63095.734448019299 66069.344800759645 69183.097091893622 72443.596007499058
75857.757502918364 79432.823472428208 83176.377110267087 87096.358995608141 91201.08393559097 95499.258602143687 100000 104712.85480508985
109647.81961431851 114815.3621496884 120226.44346174131 125892.54117941661 131825.67385564075 138038.42646028867 144543.97707459281 151356.12484362072
158489.31924611141 165958.69074375596 173780.08287493762 181970.08586099825 190546.07179632483 199526.23149688789 208929.6130854041 218776.16239495517
229086.76527677747 239883.29190194898 251188.6431509582 263026.79918953817 275422.87033381633 288403.15031266055 301995.1720402019 316227.76601683791
331131.1214825908 346736.85045253165 363078.05477010173 380189.39632056124 398107.17055349692 416869.38347033551 436515.83224016655 457088.18961487518
478630.09232263803 501187.23362727248 524807.4602497723 549540.87385762483 575439.93733715662 602559.58607435809 630957.34448019299 660693.44800759642
691830.97091893631 724435.96007499064 758577.57502918353 794328.23472428217 831763.77110267081 870963.58995607961 912010.83935590961 954992.58602143684
1000000
