# rates: f64, 2059 values. See README.md.
values 2059
5.9464041080938759e-17 5.9613462023476801e-17 5.9620512948511775e-17 5.9627896604787546e-17 5.963562869477433e-17 5.9642012788139927e-17 5.9649334820448702e-17 5.9658078582517255e-17
5.9667234966247399e-17 5.9676026307947667e-17 5.9683465848067697e-17 5.9693820275160654e-17 5.9704663338592989e-17 5.9716541158772717e-17 5.9727908708797332e-17 5.9740360455676696e-17
5.9753399824361883e-17 5.9764792620366858e-17 5.9776513849996335e-17 5.9791259383556825e-17 5.9806700801275746e-17 5.98222774367072e-17 5.9839804221264655e-17 5.9857536639715259e-17
5.9876105924684644e-17 5.9890737705595198e-17 5.9909022567361905e-17 5.993002172307995e-17 5.995201194633546e-17 5.9972286638621834e-17 5.9990992754749202e-17 6.0015860593474523e-17
6.0041902127943036e-17 6.0069439190828722e-17 6.0097730538966122e-17 6.0127636210094544e-17 6.015895341958766e-17 6.0185130287679366e-17 6.0214467953601805e-17 6.0249883706794435e-17
6.0286971167210618e-17 6.0322962903690653e-17 6.0352714593097571e-17 6.0394656078588827e-17 6.0438577439811416e-17 6.0487142193499676e-17 6.0532738237231063e-17 6.0583178160009361e-17
6.0635999360953595e-17 6.0682691897747571e-17 6.0729634354596489e-17 6.078937014927753e-17 6.0851926394307081e-17 6.0915679640793408e-17 6.0986039631050917e-17 6.1057882393629785e-17
6.1133117762943092e-17 6.1193165800979669e-17 6.1266488166313187e-17 6.1351575308983826e-17 6.1440681216297071e-17 6.1523754378316101e-17 6.1598641906373198e-17 6.1699418340855261e-17
6.1804955654095257e-17 6.1917639689996865e-17 6.2031224728262226e-17 6.2152439668280736e-17 6.2279382898835438e-17 6.2386790753748238e-17 6.2504427121357979e-17 6.2648007415363724e-17
6.2798375554796385e-17 6.2945863902500616e-17 6.3120777864733869e-17 6.3293502441489644e-17 6.3474397209940574e-17 6.3611980197025876e-17 6.3795106368775559e-17 6.3999735541797685e-17
6.4214050549603088e-17 6.4405717659191825e-17 6.4594027499794645e-17 6.4836484294118438e-17 6.5090427530870554e-17 6.5351904498139949e-17 6.5634990249997066e-17 6.5926785900384999e-17
6.6232423093277784e-17 6.6479519500413819e-17 6.6774390443228054e-17 6.7120264321836391e-17 6.7482570541816301e-17 6.7824168885575964e-17 6.8125092407615457e-17 6.8535184756969265e-17
6.8964800681815834e-17 6.9428090321787432e-17 6.9886423144672937e-17 7.03804605642381e-17 7.089808869668151e-17 7.1341552411133163e-17 7.1816372734416786e-17 7.2402686985099936e-17
7.3017100982510498e-17 7.3626495559740708e-17 7.4335826613820323e-17 7.504312257821281e-17 7.5784495918547986e-17 7.6356328982608548e-17 7.7100415174469282e-17 7.7939686163171224e-17
7.8819578268433494e-17 7.9616338821456543e-17 8.0381954052425117e-17 8.1380502817804891e-17 8.2427769648663858e-17 8.3518564627459265e-17 8.4678645353325992e-17 8.5887697160892717e-17
8.7156469001368841e-17 8.8196991157226206e-17 8.9412314821095231e-17 9.0856092137748909e-17 9.2372029147306075e-17 9.3820464503584073e-17 9.5069767089802747e-17 9.6798067454215911e-17
9.8614036234278929e-17 1.0059737055521257e-16 1.0252871037194949e-16 1.0463821648912315e-16 1.0685677963204483e-16 1.0878728114027065e-16 1.1081394973245032e-16 1.1335489795533405e-16
1.1602967535854262e-16 1.1872269431695164e-16 1.2181206697897404e-16 1.2493645364186343e-16 1.2822844478938166e-16 1.3081290360884771e-16 1.3412348148964316e-16 1.3792849238756435e-16
1.4193935054174738e-16 1.4563113338350635e-16 1.4911162943518133e-16 1.5372575184823204e-16 1.5858656542053325e-16 1.6371990257265697e-16 1.6909173095097957e-16 1.7475558583633442e-16
1.8070342394934163e-16 1.8563771575964452e-16 1.9125925969090976e-16 1.9798381125522876e-16 2.04997263433646e-16 2.1170507824995228e-16 2.1477745818244815e-16 2.1983842738539545e-16
2.2618971830283063e-16 2.3721215328192802e-16 2.5178694797401355e-16 2.7126010844243953e-16 2.8977002562215405e-16 2.8987797786075216e-16 2.8988809788130081e-16 2.8989821781587397e-16
2.8990833766448338e-16 2.8991845742714112e-16 2.8992857710385912e-16 2.8993869669464941e-16 2.8995893561849454e-16 2.8997411458590705e-16 2.8998929336010336e-16 2.9000447194112371e-16
2.9001965032900858e-16 2.9005000652553314e-16 2.9008036194999967e-16 2.9011071660273093e-16 2.9014107048404946e-16 2.9017142359427736e-16 2.9020177593373692e-16 2.902422445212665e-16
2.9028271173987677e-16 2.9032317759033022e-16 2.9036364207338884e-16 2.9040410518981433e-16 2.9044456694036788e-16 2.9052548634690173e-16 2.9058617232204314e-16 2.9064685523166732e-16
2.9070753507833472e-16 2.9076821186460352e-16 2.9088955626616707e-16 2.9101088845677888e-16 2.9113220845682468e-16 2.9125351628665428e-16 2.9137481196658232e-16 2.9149609551688786e-16
2.9162550903224259e-16 2.9175490878206908e-16 2.9201366708313924e-16 2.9227237061564976e-16 2.9253101957442981e-16 2.9278961415358892e-16 2.9304815454652177e-16 2.9330664094591063e-16
2.935650735437293e-16 2.939374824027911e-16 2.9430978045032572e-16 2.9468196825354979e-16 2.9505404637669426e-16 2.9542601538102453e-16 2.9579787582486189e-16 2.9616962826360395e-16
2.965412732497446e-16 2.9728424305980123e-16 2.9802678961767686e-16 2.9876891724083446e-16 2.9951063020217568e-16 3.0027506642295708e-16 3.010390707760234e-16 3.0180264780223599e-16
3.0256580199479461e-16 3.0332853779989943e-16 3.0409085961740292e-16 3.0561427866110373e-16 3.0718357243077222e-16 3.087511970204035e-16 3.1031718848617779e-16 3.1188158213406992e-16
3.1355448524203615e-16 3.1522563852894529e-16 3.1648368267689702e-16 3.1831833697073302e-16 3.2030602503337626e-16 3.2412000320074266e-16 3.2792605955517569e-16 3.3172461558111498e-16
3.37137714493991e-16 3.4253743641934892e-16 3.4792481755815543e-16 3.5330082953986171e-16 3.5916514667402572e-16 3.6501808602098531e-16 3.7086069272873204e-16 3.7669394619285096e-16
3.8287148590510092e-16 3.8904056542681689e-16 4.0135713705109712e-16 4.1094659331591161e-16 4.1111775873237149e-16 4.1118194486296845e-16 4.1124613050366667e-16 4.1137450031876878e-16
4.1150286818447544e-16 4.1163123410757647e-16 4.1188796015307722e-16 4.1214467850941761e-16 4.1240138923060873e-16 4.126580923705274e-16 4.131714761213814e-16 4.1368483019031163e-16
4.1454320183028795e-16 4.1540149364154063e-16 4.1625970758741859e-16 4.1711784561506785e-16 4.1883390162426902e-16 4.2054967692866311e-16 4.2294452714145991e-16 4.2533889954950636e-16
4.2773283330540015e-16 4.3012636668867472e-16 4.32594236100244e-16 4.3506175968158526e-16 4.3999592536303383e-16 4.4508314984796101e-16 4.5016970957762023e-16 4.5541467465940337e-16
4.6065957369723177e-16 4.67146669314989e-16 4.7363467370433394e-16 4.8263758625259775e-16 4.9415214358324502e-16 5.0603564996095053e-16 5.2180946055459248e-16 5.2984610741885898e-16
5.3008625895435825e-16 5.3017631750309632e-16 5.3026637699292386e-16 5.3044649879921744e-16 5.3062662437997261e-16 5.3080675374191342e-16 5.3114911003618083e-16 5.3149148005876719e-16
5.3183386385556063e-16 5.3217626147232968e-16 5.325545063782549e-16 5.3293276826502948e-16 5.3368934322571024e-16 5.3463042918514356e-16 5.3557162228017557e-16 5.3651292343599045e-16
5.3745433357122577e-16 5.383958535980284e-16 5.3933748442210886e-16 5.4122108205309102e-16 5.4310513358318151e-16 5.4498964603182432e-16 5.4687462632055572e-16 5.4876008127462444e-16
5.5095987883687637e-16 5.5316034184625552e-16 5.5756330544639788e-16 5.6102603602467124e-16 5.6449052471060769e-16 5.6795680870128069e-16 5.7142492427451887e-16 5.7710322960936462e-16
5.8278668232011078e-16 5.8847542649651547e-16 5.9416960057127544e-16 6.0522178426115473e-16 6.1629577499460503e-16 6.242652328677749e-16 6.3224667856744997e-16 6.4123306102737942e-16
6.5023531778973061e-16 6.5055028777690708e-16 6.5078652828970233e-16 6.5102277997141007e-16 6.5149531686615193e-16 6.5230532000511517e-16 6.5311545484499394e-16 6.5419622331107114e-16
6.5527722709092649e-16 6.5659373955907872e-16 6.5791060274861076e-16 6.6054538535466003e-16 6.6318158294844935e-16 6.6581920343304573e-16 6.6951461424048616e-16 6.7321285052599828e-16
6.806178806596865e-16 6.8803445137044254e-16 6.9546271290526345e-16 7.0345878643535433e-16 7.1146869652688272e-16 7.1182318981093471e-16 7.1288683400777175e-16 7.1714388240506596e-16
7.2871790928788512e-16 7.403216268512594e-16 7.5689334651770946e-16 7.7352713667186012e-16 7.7392251563510186e-16 7.7421907315184913e-16 7.7451565064089427e-16 7.7510886555649295e-16
7.7558206567105153e-16 7.7605531666730543e-16 7.7700197138781345e-16 7.7842948712199077e-16 7.7985746653934696e-16 7.8133042373181216e-16 7.8280387514909236e-16 7.8575226305185029e-16
7.8870263498106161e-16 7.9165499558471075e-16 7.9460934942679575e-16 7.9756570098876984e-16 8.0348441479390948e-16 8.0846346403148844e-16 8.1344821037120398e-16 8.2343486995214825e-16
8.3344453901923444e-16 8.4347735427396993e-16 8.5762313645164147e-16 8.7181525993458243e-16 8.8605402719718818e-16 9.0033971436129759e-16 9.0116235618319157e-16 9.0177943987649252e-16
9.0239661129975844e-16 9.0363121741213177e-16 9.0610148322753249e-16 9.0857315482358971e-16 9.135207200373902e-16 9.1847392222223044e-16 9.2343277024696848e-16 9.3336743783692692e-16
9.4332478803958445e-16 9.5330488174582515e-16 9.6516186478348603e-16 9.6568772896169036e-16 9.6726569945908638e-16 9.73583254305331e-16 9.8785662117766211e-16 1.002176275974595e-15
1.03095489447295e-15 1.0312519423936582e-15 1.0314747412810372e-15 1.0316975512660577e-15 1.0321432045302557e-15 1.0330346442438625e-15 1.0339262615540109e-15 1.0357100290412751e-15
1.037494507145154e-15 1.0392796960162434e-15 1.042852206650016e-15 1.0464275620979546e-15 1.0500057634765684e-15 1.0553564024972499e-15 1.0607133983923532e-15 1.0714464736522547e-15
1.0804691503894052e-15 1.0895097566534291e-15 1.0985683037942769e-15 1.1076448019191952e-15 1.1220393097130159e-15 1.136478787843128e-15 1.1509632590469324e-15 1.1654927397225005e-15
1.1665593906349211e-15 1.1681598204414689e-15 1.1697607943815373e-15 1.1729643746945635e-15 1.1761701316306614e-15 1.1825881755355554e-15 1.1890149262992287e-15 1.195450383930084e-15
1.2083474188849827e-15 1.2212792767694094e-15 1.2342459511570099e-15 1.234962896369352e-15 1.2371143686538687e-15 1.2457298066088024e-15 1.2747733952561619e-15 1.3039890768622585e-15
1.3046522470001844e-15 1.3056471672571645e-15 1.3066422855657593e-15 1.3084298170475146e-15 1.3102179871388967e-15 1.3146103607266204e-15 1.3182040159871913e-15 1.3218002419262734e-15
1.3290004038769532e-15 1.337797211722994e-15 1.3466093033078507e-15 1.3568870796573267e-15 1.3671855452065737e-15 1.3878444891360917e-15 1.4083970291822608e-15 1.4298324330465084e-15
1.4305522810307554e-15 1.4316318292037891e-15 1.4327111091114355e-15 1.4370255527813181e-15 1.4413357308881845e-15 1.4512207397965404e-15 1.461083603910479e-15 1.4807438827736473e-15
1.48153476166425e-15 1.4839065639892405e-15 1.4933813168397427e-15 1.5095421994453764e-15 1.5310846347643867e-15 1.5314757583665576e-15 1.532062382043291e-15 1.5326489316900216e-15
1.5349943909161844e-15 1.537338669412901e-15 1.5410940520086182e-15 1.5448464205503491e-15 1.5504519197224829e-15 1.5560507466136765e-15 1.563630192269294e-15 1.5711975467101684e-15
1.586296366466694e-15 1.608284731002965e-15 1.6301744424421477e-15 1.6309406587190182e-15 1.6332385961020102e-15 1.6378312776439448e-15 1.6424197180422096e-15 1.6557908137563869e-15
1.6673971331494962e-15 1.6789768832547897e-15 1.6797030830042506e-15 1.681881061696079e-15 1.6905837035478795e-15 1.7095232095797882e-15 1.7284016700323738e-15 1.7290311482370966e-15
1.730919181728091e-15 1.7344278882762559e-15 1.7384653172708721e-15 1.7460019047298799e-15 1.7535290092955731e-15 1.7685550265047457e-15 1.7831432472073979e-15 1.7976967166402124e-15
1.8267011695554975e-15 1.8274629788031294e-15 1.8297478507285298e-15 1.8388790303862363e-15 1.8571018489082735e-15 1.8752726265625845e-15 1.8761074425472422e-15 1.8786112403779399e-15
1.8886167163205738e-15 1.9247278445346794e-15 1.926282856767465e-15 1.9309460303526747e-15 1.9402640270662004e-15 1.949570956353655e-15 1.9654871013284359e-15 1.9813713956448506e-15
2.0025319204199129e-15 2.0236372214314201e-15 2.0244051802363149e-15 2.0267086240366797e-15 2.0359159295737703e-15 2.0542997126540968e-15 2.0726428486926942e-15 2.0735982606907332e-15
2.0764638430497658e-15 2.0879164038065072e-15 2.122673960109583e-15 2.1242519805816632e-15 2.1289846299011957e-15 2.1384435960602786e-15 2.147894162486695e-15 2.1810364525263048e-15
2.2232023940449942e-15 2.22398413300185e-15 2.2263290187186515e-15 2.2357036072868914e-15 2.2731235004724814e-15 2.2738904484001825e-15 2.2761909804328088e-15 2.2855692412542884e-15
2.3228252563426294e-15 2.3242482846079769e-15 2.3285163197309847e-15 2.3455727867545847e-15 2.3904781574459047e-15 2.4210874236077916e-15 2.4241102122785236e-15 2.433173592381574e-15
2.4693530319478672e-15 2.4723626853714897e-15 2.4813867992662928e-15 2.5174112310348145e-15 2.5189097704998122e-15 2.5234042087409074e-15 2.5413643398652956e-15 2.5744287067733279e-15
2.612927859744914e-15 2.6159002196267222e-15 2.6248128312081232e-15 2.6603968352024661e-15 2.6616501386814621e-15 2.6654092677786326e-15 2.6804341062911134e-15 2.7077752125034178e-15
2.7092550529015257e-15 2.7136935246035046e-15 2.7314317343757984e-15 2.8021377651165193e-15 2.8050754143756945e-15 2.8138843700628962e-15 2.8490607855992235e-15 2.8519878968854722e-15
2.860765332343941e-15 2.895817052036711e-15 2.9001293845998998e-15 2.9130580660069975e-15 2.9646494435166668e-15 2.9903542947793025e-15 2.9934328571771513e-15 3.0026657856465345e-15
3.0395564087771866e-15 3.0426276804390673e-15 3.0518387940935686e-15 3.0886430076196192e-15 3.0916510986034052e-15 3.1006728212181293e-15 3.1367217104967093e-15 3.1864790276317333e-15
3.1895293073717534e-15 3.1986776046474523e-15 3.2352329133319179e-15 3.2382731924440937e-15 3.2473915424451456e-15 3.283880222422296e-15 3.2885938170930296e-15 3.3027287167360345e-15
3.3591809089208743e-15 3.3862369886207348e-15 3.3900140655315989e-15 3.4013473502584462e-15 3.4467111469618917e-15 3.4504936666320364e-15 3.46184324947195e-15 3.5072717907873597e-15
3.5091656907102199e-15 3.5148478894987249e-15 3.5375841519797394e-15 3.6286475637440182e-15 3.6324459448133358e-15 3.643843026678748e-15 3.6894602991904328e-15 3.6932638193809734e-15
3.704676291863138e-15 3.7503547294955375e-15 3.7565466998433603e-15 3.7751275910988185e-15 3.8495253156208818e-15 3.8701133019403125e-15 3.8735512923225491e-15 3.8838649041478502e-15
3.9251139879546719e-15 3.9285510261285516e-15 3.9388617865522281e-15 3.9800995423547382e-15 3.9869716835985972e-15 4.0075867133184577e-15 4.090026119060065e-15 4.0934603816257555e-15
4.1037628300300545e-15 4.1449675577627333e-15 4.1484009208897925e-15 4.1587006756443173e-15 4.1998946981359655e-15 4.2067595950655723e-15 4.2273529673724343e-15 4.3097068559391178e-15
4.31313759324265e-15 4.3234294837920112e-15 4.3645922466883491e-15 4.3670541246838371e-15 4.3744395952041937e-15 4.4039790329200487e-15 4.4163182065109284e-15 4.4209363759604723e-15
4.4347828156378975e-15 4.4920146284549963e-15 4.5034859980999308e-15 4.5062023696551977e-15 4.5143487440315004e-15 4.5468933417446852e-15 4.5496024523469779e-15 4.5577270844692549e-15
4.5901853167706707e-15 4.5955887865140903e-15 4.6117885713046286e-15 4.6764298810397433e-15 4.6791178397635269e-15 4.687179131734313e-15 4.7193857204949119e-15 4.722066829811069e-15
4.7301076100745121e-15 4.7622326950463988e-15 4.7670724194891099e-15 4.7815833745006259e-15 4.8395049482921995e-15 4.8482057574532453e-15 4.8510641011570117e-15 4.8596372028810832e-15
4.8939007939232222e-15 4.8967540209985344e-15 4.9053117976627437e-15 4.9395144578782005e-15 4.945210496272015e-15 4.9622911001129091e-15 5.0305017909920932e-15 5.033340055214925e-15
5.0418530143487503e-15 5.0758774615356531e-15 5.0787108621743222e-15 5.0872092531458884e-15 5.1211757639490299e-15 5.1268326590675909e-15 5.1437961980306643e-15 5.2115440202536104e-15
5.214363182708991e-15 5.2228189238915543e-15 5.2566157996862588e-15 5.2594303292556114e-15 5.2678721924176005e-15 5.3016138634249547e-15 5.3072334814631037e-15 5.3240855224481723e-15
5.3913922786744445e-15 5.394193232002512e-15 5.4025944257121735e-15 5.436174301599179e-15 5.4466724464356915e-15 5.4781437348709436e-15 5.4808109433900286e-15 5.4862421350518007e-15
5.5025284747473406e-15 5.5675661259948252e-15 5.5702723156308963e-15 5.578389114264054e-15 5.6108298538667655e-15 5.6216340691502555e-15 5.6540188033957067e-15 5.6594122055734898e-15
5.6755854951669384e-15 5.7401756560455619e-15 5.750924784662369e-15 5.7831451622343209e-15 5.7938763257339925e-15 5.8260430971715295e-15 5.8305410263514663e-15 5.8440301433228498e-15
5.8979169670216296e-15 5.9116272880806634e-15 5.9223056934331406e-15 5.9543150247375406e-15 5.9649762109489808e-15 5.9969341523334926e-15 6.0022567544893313e-15 6.0182182087103944e-15
6.0819693888880546e-15 6.0848327258317704e-15 6.1274647199789046e-15 6.1363292313601392e-15 6.1629122985273957e-15 6.2690890815228538e-15 6.3098734086161308e-15 6.3212498831321311e-15
6.3553625772340102e-15 6.3638868439487071e-15 6.389450310330784e-15 6.4915654266124648e-15 6.5000650884299507e-15 6.5255549880590326e-15 6.6273794942703984e-15 6.638680104715633e-15
6.6725662167686965e-15 6.6838563665228451e-15 6.7177112314415327e-15 6.8528995644655553e-15 6.8641487537387656e-15 6.8978812557153459e-15 6.9083604620079453e-15 7.0324088679668582e-15
7.0408040572370025e-15 7.0659813436259536e-15 7.1665672646715575e-15 7.1777314070667759e-15 7.2112094735908222e-15 7.222364057977233e-15 7.2558135634942483e-15 7.389400084997443e-15
7.4005171775037667e-15 7.4338546431031199e-15 7.442185782120176e-15 7.4671714829321833e-15 7.5669994151743771e-15 7.5753101755949404e-15 7.6002349130922992e-15 7.6998215428253482e-15
7.7042294740680187e-15 7.7174511800757391e-15 7.7353884307365854e-15 7.7428381602406773e-15 7.7651579504705576e-15 7.8540014192185701e-15 7.8613739502390827e-15 7.8834631837240687e-15
7.8897945154819214e-15 7.9087676647859786e-15 7.9559814521922217e-15 7.9713996925158543e-15 7.9768736449974882e-15 7.993280086112751e-15 8.0586765897896874e-15 8.0659204226073934e-15
8.0876252348536798e-15 8.0948513082876772e-15 8.1165030676596732e-15 8.202717607042875e-15 8.2098741190119559e-15 8.2313180633968928e-15 8.2366730710227779e-15 8.252723804452883e-15
8.3167141398669218e-15 8.3280632697921313e-15 8.3620472827983744e-15 8.4197063686358508e-15 8.4300048922095339e-15 8.460888803979832e-15 8.4711795652432932e-15 8.5020402641538263e-15
8.6253107435754888e-15 8.6355709423759834e-15 8.6663402415262142e-15 8.6740299250209398e-15 8.697092656008321e-15 8.7892493693279874e-15 8.7969223329717571e-15 8.8199350196661931e-15
8.9118932649709438e-15 8.9221017679838357e-15 8.9527164519996069e-15 8.9629177473099044e-15 8.9935108726582785e-15 9.115723234180857e-15 9.1258961225484958e-15 9.1564042777645128e-15
9.1640288589886765e-15 9.1868967215911767e-15 9.2782804643819106e-15 9.2858894782455205e-15 9.3087107395459163e-15 9.3999095726017045e-15 9.4084189090663675e-15 9.4339397841279273e-15
9.4396647758853922e-15 9.4486325679057985e-15 9.4755205128151224e-15 9.5828426856689245e-15 9.5917697501773187e-15 9.6185358802054441e-15 9.6252238905307874e-15 9.6452794933915699e-15
9.7253762291713767e-15 9.7320419340023441e-15 9.7520307682816352e-15 9.8318626247886459e-15 9.8407207076834943e-15 9.8672804993752714e-15 9.8761289558435684e-15 9.9026599512966411e-15
1.0008569960768275e-14 1.0017380458265089e-14 1.0043797900495297e-14 1.0050398975362816e-14 1.007019433646093e-14 1.0149258486546789e-14 1.015011777476127e-14 1.0264026523337874e-14
1.0273585889243154e-14 1.0302253702325561e-14 1.030988609026446e-14 1.0332776719590776e-14 1.0454890375017628e-14 1.0464415843206187e-14 1.0492982221945734e-14 1.0500121471508777e-14
1.0521533606038044e-14 1.0607098352060928e-14 1.0614222726042515e-14 1.0635590317245308e-14 1.0720978129711737e-14 1.0733321267825573e-14 1.0770334273863726e-14 1.0918142241360925e-14
1.0948042422849507e-14 1.0962203625209955e-14 1.1004666088614694e-14 1.1174201776192579e-14 1.1188307273265454e-14 1.1230603210048215e-14 1.1399481477399548e-14 1.1413532806012341e-14
1.1455666796814717e-14 1.1623905529992584e-14 1.1636901681760552e-14 1.167587335849398e-14 1.185231390576892e-14 1.1866655823411508e-14 1.1909664897175145e-14 1.208145311057152e-14
1.2095751028191024e-14 1.2138628517590784e-14 1.2309896532071184e-14 1.2318394293217268e-14 1.2343881932783694e-14 1.2445748241729035e-14 1.2537661180918745e-14 1.2551874308869439e-14
1.2594498204791179e-14 1.2764763302923408e-14 1.2778935545776815e-14 1.2821437148630573e-14 1.2991218428487877e-14 1.3004787039774874e-14 1.3045479248828289e-14 1.3208045200291829e-14
1.3216954703236556e-14 1.3230912016525048e-14 1.327276879031021e-14 1.3439970096371326e-14 1.34538873531186e-14 1.3495624293793962e-14 1.366235124539815e-14 1.3676229327173804e-14
1.3717849065734733e-14 1.3884111985274455e-14 1.3891177565127835e-14 1.3912370600706262e-14 1.3955857510811919e-14 1.4105265596500431e-14 1.4119067832558839e-14 1.4160460641584181e-14
1.4325824837096491e-14 1.4339590337194435e-14 1.4380873224584542e-14 1.4545801972192701e-14 1.4555249824588611e-14 1.4583587062113662e-14 1.469684165543987e-14 1.4765579693280215e-14
1.4779348444428582e-14 1.4820641968244027e-14 1.4985626370523372e-14 1.4999361460165478e-14 1.5040554247227294e-14 1.5205139373840514e-14 1.5231788540969051e-14 1.5311689812148684e-14
1.563060991206067e-14 1.6895829644978879e-14 1.8783556710590865e-14 1.905740450058642e-14 2.122994270279635e-14 2.2780027355192189e-14 2.4037553730433789e-14 2.5447671312760779e-14
2.6727974603542675e-14 2.7343615903436893e-14 2.9769804438751788e-14 3.0487331202130289e-14 3.3347076526148692e-14 3.4235474816356963e-14 3.6809745999288685e-14 3.7377412087412017e-14
3.8698678826616533e-14 3.9274937730206851e-14 4.0667024359592542e-14 4.1564362491232375e-14 4.3581945483698608e-14 4.4624561565925187e-14 4.5408594830645113e-14 4.5952879282458641e-14
4.7316961378333795e-14 4.8554487412908489e-14 4.9495507440599122e-14 5.0430249535019715e-14 5.1679202529227494e-14 5.2866526576347773e-14 5.3655161175791293e-14 5.482794059669248e-14
5.5458200569878129e-14 5.6182885586829618e-14 5.7061141906494191e-14 5.7853078639698758e-14 5.8429550877273863e-14 5.8638906047304364e-14 5.889684123526787e-14 5.9154300016792704e-14
5.9411286210509317e-14 5.9667803581173592e-14 5.9923855840750931e-14 6.0179446649472857e-14 6.0689258302748368e-14 6.1197266826599084e-14 6.1703499742026094e-14 6.1955958745070609e-14
6.2207983834756603e-14 6.2459578248986356e-14 6.2702379805737134e-14 6.2852148916586103e-14 6.3001736674377018e-14 6.3151143946801389e-14 6.3300371594320594e-14 6.3447460457837515e-14
6.3594376036679285e-14 6.3741119137560437e-14 6.3887690560655164e-14 6.4034091099671157e-14 6.4180321541924341e-14 6.4326382668413164e-14 6.447227525388947e-14 6.4618000066929257e-14
6.4763557870004151e-14 6.4908949419550047e-14 6.5054175466034042e-14 6.5170237641561506e-14 6.5286194750290475e-14 6.5402047168377143e-14 6.5517795269632778e-14 6.5633439425539605e-14
6.5748980005275729e-14 6.5864417375731902e-14 6.5979751901534805e-14 6.6094983945064621e-14 6.6270876109214294e-14 6.6440068772546194e-14 6.6554894466560114e-14 6.6726944297998699e-14
6.689876872349919e-14 6.7013193691464297e-14 6.7127519340705086e-14 6.7241746012193505e-14 6.7384390680237249e-14 6.7526881882507571e-14 6.7598070138119501e-14 6.7669220271650796e-14
6.7740332363927941e-14 6.7811406495477176e-14 6.7925046347782497e-14 6.8038589552956597e-14 6.8142586200257871e-14 6.8246502159355795e-14 6.8821310233758477e-14 6.9393686005926391e-14
6.9718113539027367e-14 7.0041774782875313e-14 7.0043838026626189e-14 7.1017796532670364e-14 7.2273069563177595e-14 7.3526741471493621e-14 7.4773733361837216e-14 7.6029405868099994e-14
7.6810238369559042e-14 7.7590487645001449e-14 7.8214271665009399e-14 7.8837690098651847e-14 7.9434792776770373e-14 8.0031565610328597e-14 8.1001265966477811e-14 8.1976198570182438e-14
8.2585490858334291e-14 8.3195298145743948e-14 8.5154887202513588e-14 8.6136275905965825e-14 8.7122636016459631e-14 8.7734333385910696e-14 8.8346450053551683e-14 8.9264164934088681e-14
9.0185641694867662e-14 9.1079438150391297e-14 9.1527578176809865e-14 9.19765447251857e-14 9.2595485230947578e-14 9.3216693393344287e-14 9.4465918279483173e-14 9.5682671655458967e-14
9.6872185516654099e-14 9.8012092300324249e-14 9.915856856736258e-14 1.0059885963538176e-13 1.0205148965672252e-13 1.0376223025823957e-13 1.0549154025388442e-13 1.0773279536627389e-13
1.0938762406321454e-13 1.1115171861842153e-13 1.1281099810973054e-13 1.1368665524690421e-13 1.1456663143848665e-13 1.1545093583389887e-13 1.1633957757634378e-13 1.1796806131743078e-13
1.204748442203463e-13 1.22763587975478e-13 1.2401111815794003e-13 1.2469363843319284e-13 1.2723219078088142e-13 1.2893150381758738e-13 1.3046040409895497e-13 1.3104920701891318e-13
1.3163909705718473e-13 1.3223007333697903e-13 1.3282213498452662e-13 1.3380289175386662e-13 1.3463956360113488e-13 1.3511547100220666e-13 1.3535313748900357e-13 1.3559061335771307e-13
1.3472226653804203e-13 1.3398660668233438e-13 1.3315627400701025e-13 1.3291676734796386e-13 1.3280681028564797e-13 1.3267887690030625e-13 1.3315259110604203e-13 1.3338920459054147e-13
1.3362565634292163e-13 1.3432608246247583e-13 1.350284561088124e-13 1.357327779271102e-13 1.3643904856119231e-13 1.3766183482193647e-13 1.3889258290071667e-13 1.4013132521919427e-13
1.4137809425235681e-13 1.434539601693202e-13 1.4555522427430803e-13 1.4661545834702098e-13 1.4768213543544585e-13 1.4983494435601913e-13 1.5689115510378398e-13 1.6039937098243056e-13
1.6424392550259672e-13 1.7259566986572659e-13 1.805115489624901e-13 1.8519985749551964e-13 1.8820513345085329e-13 1.9216005285656698e-13 1.9618862490492924e-13 1.996781754126474e-13
2.0144271807627788e-13 2.0322054867035733e-13 2.046296618863275e-13 2.0604710363935986e-13 2.0890713579132082e-13 2.0920779214318458e-13 2.095081924941216e-13 2.0980833764583114e-13
2.1010822839567917e-13 2.0828457887665009e-13 2.0648137095117111e-13 2.0531001203313209e-13 2.0375517786397996e-13 1.9703077585406066e-13 1.9055690564097212e-13 1.8190786380491552e-13
1.7704371725406264e-13 1.7320976752136461e-13 1.6946816453392889e-13 1.6670447201981494e-13 1.6399094070720534e-13 1.5957242670905858e-13 1.5749414872754208e-13 1.5544728978077417e-13
1.5444118840064987e-13 1.5344375775760151e-13 1.5294826477419322e-13 1.5245490459994939e-13 1.5147453687729618e-13 1.5201640116472388e-13 1.5224705030155085e-13 1.5255892885630023e-13
1.5278569792585142e-13 1.5301258251665303e-13 1.5346669804689247e-13 1.5609104893359372e-13 1.587545439269744e-13 1.6145768173665195e-13 1.6420096634573543e-13 1.6833304158512959e-13
1.725600417666678e-13 1.7688394037968756e-13 1.813067476531198e-13 1.8714861474395218e-13 1.9316537549344952e-13 1.9888259823044496e-13 2.0475707558822791e-13 2.0920596899016921e-13
2.1374198443168269e-13 2.1836664193223606e-13 2.2308148479812446e-13 2.245062599328343e-13 2.2593848723349162e-13 2.2737819708027454e-13 2.2882541994224113e-13 2.2998972365136759e-13
2.3115888005605229e-13 2.335118140602852e-13 2.3248825198687965e-13 2.3147125384381802e-13 2.3096519892329865e-13 2.3046076427049392e-13 2.2945672848466372e-13 2.2658578470159358e-13
2.2375647064265521e-13 2.2096810021638657e-13 2.1821999999197354e-13 2.1021521694275004e-13 2.0339695588117171e-13 1.9511475948529271e-13 1.9111286173125522e-13 1.8720074973766748e-13
1.8354396806735364e-13 1.7996564110350106e-13 1.7646393554609374e-13 1.730370644284567e-13 1.7064792648680103e-13 1.6829636801020001e-13 1.6713447335755345e-13 1.6598172594565634e-13
1.6370335020372356e-13 1.6317125477903209e-13 1.6264192002422728e-13 1.623782817496875e-13 1.6211532628688798e-13 1.6159145409228251e-13 1.6264281502472263e-13 1.6317029058358275e-13
1.636989649546305e-13 1.642288397013434e-13 1.6475991638773115e-13 1.6520210215843796e-13 1.6582568183819521e-13 1.690692476257673e-13 1.7236985501402131e-13 1.7454784211583156e-13
1.7675058885477151e-13 1.7914577064979169e-13 1.8391084789921555e-13 1.8830313942806956e-13 1.927121893642223e-13 1.9789116016465112e-13 2.0151989918233103e-13 2.0520791637265217e-13
2.0872671104556236e-13 2.1229926564512615e-13 2.1407216115962273e-13 2.1585649717048043e-13 2.1675297166715556e-13 2.1765232587152483e-13 2.1945969959638651e-13 2.1887872172245232e-13
2.1830046827056579e-13 2.1783154230925289e-13 2.1736440132073063e-13 2.1579054809453533e-13 2.1423096551432495e-13 2.126854982109237e-13 2.1115399278844229e-13 2.0625929026891908e-13
1.9996972480411624e-13 1.944925253994795e-13 1.8918441739904287e-13 1.867174260869839e-13 1.8428697488674129e-13 1.8189245808291917e-13 1.7953328106622867e-13 1.7771013979178523e-13
1.7590912834928954e-13 1.7451831437761586e-13 1.7314065038637991e-13 1.7277180363248943e-13 1.7240439880392232e-13 1.7203994962411072e-13 1.7167691422306042e-13 1.720006744403525e-13
1.723244710850076e-13 1.7248638304874921e-13 1.7264830409674437e-13 1.7297217341548855e-13 1.7690018085886788e-13 1.8090316019194087e-13 1.8522962445537419e-13 1.8742572037788596e-13
1.8964396938797706e-13 1.9151978836951344e-13 1.9341039169082081e-13 1.9483461476405829e-13 1.9626719879204959e-13 1.9665161754531549e-13 1.9683498527358841e-13 1.97018216519097e-13
1.9600813017250486e-13 1.9500663751646129e-13 1.9349408374798639e-13 1.9274411881990661e-13 1.9199832122639062e-13 1.8898720348552394e-13 1.8603319363844564e-13 1.8378000451487103e-13
1.8155841711705743e-13 1.799850467653848e-13 1.7842747401825928e-13 1.7658255373788565e-13 1.7491487475508635e-13 1.7363610848664713e-13 1.7237085833022489e-13 1.7201186737578548e-13
1.716542112322423e-13 1.7129788276043405e-13 1.7094287487097759e-13 1.7169688343654997e-13 1.7245174954887469e-13 1.735660667011163e-13 1.7468394884224328e-13 1.763528939562267e-13
1.7782732973508594e-13 1.7834104294014461e-13 1.7885459442873968e-13 1.7851874111382195e-13 1.7818457997534762e-13 1.7737263093101934e-13 1.7656692163705134e-13 1.7391337207928806e-13
1.71347588034168e-13 1.702296512365042e-13 1.6912243030016382e-13 1.6842186396774114e-13 1.6772633856070731e-13 1.6667575779772261e-13 1.6615413431745129e-13 1.6563493532608427e-13
1.6553071313465673e-13 1.6542687252177352e-13 1.6576243427916671e-13 1.6603309337233616e-13 1.6603400729342396e-13 1.6603491847181509e-13 1.6661741577413467e-13 1.6720021129008052e-13
1.6713275907345606e-13 1.6706553379916639e-13 1.6735103259610208e-13 1.6763617618098745e-13 1.66646029839822e-13 1.651847686915956e-13 1.6426945433596925e-13 1.6336183914957121e-13
1.6251844947447819e-13 1.6183270875259158e-13 1.6098333616204363e-13 1.6035791823723786e-13 1.6029717336593135e-13 1.6035183416782853e-13 1.6040635976594269e-13 1.5991021569733538e-13
1.5941698760698286e-13 1.5945868576124435e-13 1.5933983618765338e-13 1.5902079882373576e-13 1.585037287199915e-13 1.5784760409361639e-13 1.5715964138974284e-13 1.5678543628244042e-13
1.5654251178414409e-13 1.5603862754537621e-13 1.5562736029773871e-13 1.5525878823010636e-13 1.5507089363429266e-13 1.548837206367762e-13 1.5533098986684022e-13 1.556224144238116e-13
1.5513179917232948e-13 1.548423752922082e-13 1.5455424005182937e-13 1.5481025763732547e-13 1.5506603697546207e-13 1.5436734588537017e-13 1.5401635686289148e-13 1.5366705935858746e-13
1.5394754077356678e-13 1.5417193375528574e-13 1.5353497920236943e-13 1.5322531771816836e-13 1.5307262193920818e-13 1.5291705744774229e-13 1.5379372417247903e-13 1.5423311213545233e-13
1.5467320349208762e-13 1.5481741510677464e-13 1.5468812941603231e-13 1.5450215984785126e-13 1.5444094323808229e-13 1.5505361546374221e-13 1.5525603959657307e-13 1.5486364758631075e-13
1.5473452772072699e-13 1.5524123249318383e-13 1.5568595040192529e-13 1.5598259131030481e-13 1.5608056095058434e-13 1.553492728213522e-13 1.5510876055600909e-13 1.5532080747373523e-13
1.5539084352165051e-13 1.5722969560238932e-13 1.5795314487485981e-13 1.6044994870567296e-13 1.6200259020241287e-13 1.6415343862359605e-13 1.6468270775534379e-13 1.6485840122269298e-13
1.6843751959437568e-13 1.7050408913806143e-13 1.7412260802681156e-13 1.7502889684766273e-13 1.7532986645764159e-13 1.7771777686723922e-13 1.8009625759850743e-13 1.8094052483866516e-13
1.824418697054789e-13 1.8589407517459818e-13 1.8734393766714563e-13 1.8782668558903906e-13 1.9359902294674546e-13 1.992005914825107e-13 2.0366741893603408e-13 2.061717437406177e-13
2.1040405939678482e-13 2.1377357259347454e-13 2.1654446228771425e-13 2.1842163599973154e-13 2.1876995820920031e-13 2.2482900921773228e-13 2.2876339172369423e-13 2.3191932915227446e-13
2.3652774222137408e-13 2.4888482133090085e-13 2.581908413647188e-13 2.6795218624789289e-13 2.6832720322335364e-13 2.7746274588210188e-13 2.879601054775232e-13 2.952006759434136e-13
3.0457942191725116e-13 3.07468997966714e-13 3.0817839466197398e-13 3.0835495508187373e-13 3.0841373895758209e-13 3.1406025570287023e-13 3.1720159651400621e-13 3.2256176432086454e-13
3.277216152966758e-13 3.2918627016247784e-13 3.3042977007031956e-13 3.3154042631550128e-13 3.3296536625213356e-13 3.3070639001731078e-13 3.3131408202503381e-13 3.3172907424481627e-13
3.3223698339738943e-13 3.3540479665878108e-13 3.3538848597846925e-13 3.3845309468699813e-13 3.4121498059227773e-13 3.40544226942549e-13 3.3876778487416681e-13 3.3765056075636083e-13
3.3657814600470457e-13 3.3722720322553816e-13 3.379367357149556e-13 3.3649273437902112e-13 3.3508642956764989e-13 3.3188907471235297e-13 3.2823405532191777e-13 3.264755286621873e-13
3.2679068983098998e-13 3.254378564398903e-13 3.2478179197383843e-13 3.2471407320423387e-13 3.2292359997563822e-13 3.2211705890560566e-13 3.2205419494492487e-13 3.209088519656746e-13
3.1899935703717008e-13 3.178315319738991e-13 3.155611460831107e-13 3.1598968583578897e-13 3.1671102212295522e-13 3.1256169293877594e-13 3.119113075469644e-13 3.1064006264316875e-13
3.0881220683159313e-13 3.082204314705573e-13 3.087609761527818e-13 3.0921305875895865e-13 3.0969426386589451e-13 3.1053309871444976e-13 3.099418908546679e-13 3.0821335850703907e-13
3.0685819856483668e-13 3.0553702816344277e-13 3.0730035225530538e-13 3.0880083347552003e-13 3.103097402328062e-13 3.1198020231737018e-13 3.153281716599152e-13 3.1698502621934455e-13
3.1421718919169627e-13 3.0894751201671048e-13 3.068969660890824e-13 3.0850922963886802e-13 3.0955678306591883e-13 3.0315061656857844e-13 2.9606033186480097e-13 2.9510381977192743e-13
2.9416214136865411e-13 2.9298521287671631e-13 2.9115537932568527e-13 2.8950354428398275e-13 2.8833501831550048e-13 2.8658209644109164e-13 2.8653748114904097e-13 2.8650862668769263e-13
2.8647191876193135e-13 2.8706638949540262e-13 2.8765409646418076e-13 2.8825439307236472e-13 2.8884782079061537e-13 2.8640949008801635e-13 2.8315553534054871e-13 2.7978721673151181e-13
2.7803961268262584e-13 2.7374001868520381e-13 2.7130876739703325e-13 2.6948608249529901e-13 2.6535103853427638e-13 2.6235140525053281e-13 2.604671036961775e-13 2.5959549074893335e-13
2.6399522444203785e-13 2.6774517640679515e-13 2.6236257526178977e-13 2.5821328036876567e-13 2.5392615446440222e-13 2.5086540469904745e-13 2.4917515175531874e-13 2.4666652802585905e-13
2.446195633753686e-13 2.4341051593010667e-13 2.5094007996884015e-13 2.5836686794958457e-13 2.5475634055280635e-13 2.5208630798767274e-13 2.4776943710389195e-13 2.4600361809934589e-13
2.4597066941488226e-13 2.4429950502708036e-13 2.4263933775186007e-13 2.4425268914369783e-13 2.4339838888229315e-13 2.4256797519375271e-13 2.3960150877765077e-13 2.349806280393463e-13
2.3311942462568037e-13 2.299788696727798e-13 2.2911559979310541e-13 2.2784771500233619e-13 2.2643477948696526e-13 2.2492378654267067e-13 2.2371528298109496e-13 2.2316064173514279e-13
2.2145701445077061e-13 2.1977691910046643e-13 2.1844699318489799e-13 2.1773599455069485e-13 2.1798678893010708e-13 2.1847563836463033e-13 2.1681371610514708e-13 2.1357065797555388e-13
2.1267763303695883e-13 2.1094597052128823e-13 2.0875494710378927e-13 2.0573619763660016e-13 2.0568122656239715e-13 2.0560348140744512e-13 2.0082199756229852e-13 1.9856120792996553e-13
1.9691714798607532e-13 1.952035259207476e-13 1.9318643052105144e-13 1.9183843782304329e-13 1.9035278736875999e-13 1.9107282292263495e-13 1.9240534360669502e-13 1.9051569751160683e-13
1.8869045609204376e-13 1.8696224225660356e-13 1.8501111389555295e-13 1.8382895325342833e-13 1.8239742603555797e-13 1.7964464600877083e-13 1.7841225200815606e-13 1.7629705593644284e-13
1.7518119220749367e-13 1.7274650263182756e-13 1.7089893708098261e-13 1.6966251408392818e-13 1.6915689613276134e-13 1.686527332241614e-13 1.6815002058584208e-13 1.6804965167127721e-13
1.6764875345441098e-13 1.6714892707528133e-13 1.6665053670259154e-13 1.6645158157389149e-13 1.6602927472321651e-13 1.6520597745830284e-13 1.6438670693601918e-13 1.6389706904576527e-13
1.6357144294165605e-13 1.6276016535717473e-13 1.6195285416069635e-13 1.6121877678256977e-13 1.6091970765393236e-13 1.5943262828431662e-13 1.5795923279661689e-13 1.5649939498185353e-13
1.5505298979373861e-13 1.5361989333797004e-13 1.5193212238915967e-13 1.5158075643337917e-13 1.5018337571103835e-13 1.4845469738609053e-13 1.4674585695175081e-13 1.460678242683212e-13
1.4505662659174837e-13 1.4463509182696825e-13 1.4442535136374165e-13 1.4436011379242333e-13 1.441185189166747e-13 1.4363475806849641e-13 1.4334525162938945e-13 1.4315255910299459e-13
1.4267191630434251e-13 1.4219282397017007e-13 1.4207026876544319e-13 1.4177272253444921e-13 1.4118203784151909e-13 1.4088676621822544e-13 1.3941960690996409e-13 1.3796766209836376e-13
1.3653077376589572e-13 1.3581536889857462e-13 1.3530451206851759e-13 1.3446518011147626e-13 1.3363098899834523e-13 1.3346476485628448e-13 1.3280190671480852e-13 1.3200252694601165e-13
1.3137450661155661e-13 1.3112411680839155e-13 1.3074940603781412e-13 1.3012721100696785e-13 1.295560992717869e-13 1.293702791979207e-13 1.2924653307147546e-13 1.2893763542316491e-13
1.2862940404947517e-13 1.285091003114971e-13 1.2857380960308057e-13 1.2889780043914307e-13 1.2922253221244921e-13 1.2954800532274182e-13 1.2950950219890119e-13 1.2924304735128526e-13
1.2871461581814872e-13 1.2766039009493998e-13 1.2661472061512426e-13 1.26406607306127e-13 1.255775374672991e-13 1.2454877130872935e-13 1.2352835336071034e-13 1.231225083806492e-13
1.225162154039767e-13 1.2151228977414088e-13 1.2051650935716917e-13 1.1992292309423234e-13 1.1952880758490203e-13 1.1854911843060393e-13 1.175773764045486e-13 1.1680566104709184e-13
1.16853045504774e-13 1.1733475792097699e-13 1.1781836969611808e-13 1.1830388670358399e-13 1.1879131480369305e-13 1.1928065984296637e-13 1.1977192765338377e-13 1.1987041246015019e-13
1.2026512405162444e-13 1.2076025483829345e-13 1.2125732579713054e-13 1.2145669872108528e-13 1.2175634269420842e-13 1.2200748385108825e-13 1.2137511881555729e-13 1.1994875576488417e-13
1.1910094748844589e-13 1.1853905319990736e-13 1.1714581628458525e-13 1.1576885246129786e-13 1.1467887006842257e-13 1.1440797142420639e-13 1.1306298509293269e-13 1.1173370758654173e-13
1.1041995519783271e-13 1.0976650845987454e-13 1.0944297754443759e-13 1.0937059146415253e-13 1.0942247735286822e-13 1.0984102311003325e-13 1.1026106234340164e-13 1.1034524970258085e-13
1.1068259840322075e-13 1.111056346087646e-13 1.1153017424744594e-13 1.1170041179435904e-13 1.1195622057391158e-13 1.1238377680912913e-13 1.1281284613944979e-13 1.1312016436629834e-13
1.1332594975264166e-13 1.1384196528571736e-13 1.1436020379949748e-13 1.1477639996684738e-13 1.148806724508057e-13 1.1540337837139281e-13 1.159283286667708e-13 1.1645553041501907e-13
1.1658839874969469e-13 1.1657162153033882e-13 1.1641721662447473e-13 1.1580436660344788e-13 1.1458385688056157e-13 1.1337607200985081e-13 1.1313603027698143e-13 1.1218087885051355e-13
1.1099814565406153e-13 1.0982774204977438e-13 1.0936300395073701e-13 1.0901497802026588e-13 1.08841937059056e-13 1.0875565791412183e-13 1.0878157065627525e-13 1.0999105634080205e-13
1.1121384169702018e-13 1.1195395595643995e-13 1.1245006918307072e-13 1.1369988268610421e-13 1.1496342753411512e-13 1.1598424856842133e-13 1.1623855239102232e-13 1.1588426515144687e-13
1.1553089048409879e-13 1.1520648850814898e-13 1.1502476086461089e-13 1.1484314643705357e-13 1.1466164314334014e-13 1.1462535563606857e-13 1.1448024888195054e-13 1.1429896153178089e-13
1.1411777895195062e-13 1.1404533477235561e-13 1.13936698981596e-13 1.1375571943967531e-13 1.1357483812476479e-13 1.134663555612893e-13 1.1339405281485395e-13 1.1321336126714805e-13
1.1303276121785799e-13 1.1294173663648513e-13 1.1273127143461787e-13 1.1258914863827591e-13 1.118807085896284e-13 1.1117589273612083e-13 1.1047470211788878e-13 1.0977713741984123e-13
1.0908319897620339e-13 1.0839288677510572e-13 1.0825525945885555e-13 1.0770620046321061e-13 1.0702313935038546e-13 1.0634370241442253e-13 1.060729421181487e-13 1.0566788830577013e-13
1.0499569535232607e-13 1.0432712156422579e-13 1.0392771354564256e-13 1.036621646386817e-13 1.0300082196482833e-13 1.0234309062859497e-13 1.0181950357386046e-13 1.0168896741758203e-13
1.0103844882595848e-13 1.0039153105936774e-13 9.9748210039838055e-14 9.9431480826550784e-14 9.9108481410695284e-14 9.8472340541474028e-14 9.7839782532838311e-14 9.771370042460101e-14
9.7210802221483558e-14 9.6585394185043296e-14 9.5963552746979339e-14 9.5715813500176561e-14 9.534527198146101e-14 9.4730545718243617e-14 9.4315290658224465e-14 9.4119367547505302e-14
9.3754360974940497e-14 9.3511730824696876e-14 9.290762867534679e-14 9.2307053999856163e-14 9.1829129128916227e-14 9.1709999478270553e-14 9.1116457575024842e-14 9.0526420543656097e-14
8.9939880431497779e-14 8.808635513491055e-14 8.6268272837488781e-14 8.4485334011651774e-14 8.2737221492175744e-14 8.1023601921044414e-14 7.9344127145796163e-14 7.7698435568901163e-14
7.6086153446221619e-14 7.4506896133117091e-14 7.2960269277221797e-14 7.1445869957298227e-14 6.9963287767959165e-14 6.8512105850361179e-14 6.7091901869251991e-14 6.5702248937005158e-14
6.4342716485482505e-14 6.3012871086746637e-14 6.1712277223792932e-14 6.0440498012601331e-14 5.9197095876894957e-14 5.7981633177088455e-14 5.6793672794950399e-14 5.563277867555534e-14
5.4498516328124949e-14 5.3390453287365696e-14 5.2308159536917252e-14 5.1251207896509899e-14 5.0219174374413994e-14 4.9211638486737037e-14 4.8228183545092295e-14 4.7268396914124092e-14
4.6331870240336523e-14 4.5418199653623785e-14 4.4526985942858287e-14 4.3657834706839767e-14 4.2810356481865885e-14 4.1984166847128774e-14 4.1178886509099923e-14 4.0394141366014355e-14
3.9629562553520032e-14 3.8884786472514364e-14 3.815945480014786e-14 3.7453214484932396e-14 3.6765717726859927e-14 3.6096621943397887e-14 3.5445589722200545e-14 3.4812288761346513e-14
3.4196391797889893e-14 3.3597576525491435e-14 3.3015525501880817e-14 3.2449926046887807e-14 3.1900470131772353e-14 3.1366854260577993e-14 3.0848779344232653e-14 3.0345950568123066e-14
2.9858077253875632e-14 2.9384872716085631e-14 2.8926054114749033e-14 2.8481342304166969e-14 2.8050461679109723e-14 2.7633140019046874e-14 2.7229108331270453e-14 2.6838100693760019e-14
2.6459854098659643e-14 2.6094108297257845e-14 2.5740605647380744e-14 2.5399090964126257e-14 2.5069311374881143e-14 2.4751016179572086e-14 2.4443956717107659e-14 2.4147886238966206e-14
2.3862559790876516e-14 2.3587734103522527e-14 2.3323167493177492e-14 2.3068619773138992e-14 2.2823852176790761e-14 2.2588627293061507e-14 2.2362709014983653e-14 2.2145862501975398e-14
2.1937854156379782e-14 2.1738451614691772e-14 2.1547423753791895e-14 2.1364540712381642e-14 2.1189573927683688e-14 2.1022296187329955e-14 2.086248169621397e-14 2.0709906157933098e-14
2.0564346870293038e-14 2.0425582834193395e-14 2.029339487506191e-14 2.0167565775858695e-14 2.0047880420532466e-14 1.9934125946682073e-14 1.9826091906059404e-14 1.9723570431448263e-14
1.9626356408368562e-14 1.9534247649988738e-14 1.9447045073583838e-14 1.9364552876851372e-14 1.9286578712395441e-14 1.9212933858709158e-14 1.9143433386027782e-14 1.9077896315489245e-14
1.9016145770122446e-14 1.8958009116287836e-14 1.8903318094314751e-14 1.8851908937215144e-14 1.8803622476501308e-14 1.8758304234291644e-14 1.8715804501052838e-14 1.8675978398493863e-14
1.8638685927295941e-14 1.8603791999528911e-14 1.85711664557664e-14 1.8540684067066896e-14 1.8512224522133571e-14 1.8485672400100278e-14 1.8460917129512751e-14 1.8437852934182217e-14
1.8416378766682088e-14 1.8396398230335849e-14 1.8377819490607567e-14 1.8360555176853273e-14 1.834452227542403e-14 1.8329642015129763e-14 1.831583974607762e-14 1.8303044812891252e-14
1.8291190423298468e-14 1.8280213513046514e-14 1.8270054608066557e-14 1.8260657684765046e-14 1.8251970029268648e-14 1.8243942096395082e-14 1.8236527369063223e-14 1.8229682218795399e-14
1.8223365767903108e-14 1.8217539753884818e-14 1.8212168396503462e-14 1.8207218267950886e-14 1.8202658166448435e-14 1.8198458993576959e-14 1.8194593635577345e-14 1.8191036848812411e-14
1.8187765149535635e-14 1.8184756708069258e-14 1.818199124745588e-14 1.8179449946612339e-14 1.8177115347983253e-14 1.8174971269664042e-14 1.8173002721938132e-14 1.8171195828152583e-14
1.8169537749837592e-14 1.8168016615960575e-14 1.8166621456192644e-14 1.816534213805528e-14 1.8164169307807182e-14 1.8163094334925381e-14 1.8162109260030536e-14 1.8161206746104309e-14
1.8160380032845258e-14 1.8159622894010293e-14 1.8158929597589997e-14 1.8158294868668296e-14 1.8157713854820058e-14 1.8157182093903905e-14 1.8156695484111824e-14 1.8156250256141254e-14
1.8155842947361192e-14 1.8155470377848047e-14 1.8155129628172957e-14 1.8154818018827403e-14 1.8154533091179445e-14 1.8154272589858411e-14 1.8154034446471067e-14 1.8153816764557907e-14
1.8153617805702848e-14 1.815343597671518e-14 1.8153269817807189e-14 1.8153117991695444e-14 1.8152979273558642e-14 1.8152852541788702e-14 1.8152736769476359e-14 1.8152631016576151e-14
1.8152534422699389e-14 1.8152446200487515e-14 1.8152365629521072e-14 1.8152292050723218e-14 1.8152224861219128e-14 1.8152163509615759e-14 1.8152107491668925e-14 1.8152056346307008e-14
1.8152009651983035e-14 1.8151967023328769e-14 1.81519281080868e-14 1.8151892584297951e-14 1.8151860157723603e-14 1.815183055948362e-14 1.8151803543892499e-14 1.8151778886477367e-14
1.8151756382162908e-14 1.8151735843609566e-14 1.8151717099692244e-14 1.8151699994107866e-14 1.8151684384101162e-14 1.8151670139298765e-14 1.8151657140642516e-14 1.8151645279413833e-14
1.8151634456341288e-14 1.8151624580784577e-14 1.8151615569988273e-14 1.8151607348399647e-14 1.8151599847044988e-14 1.8151593002959529e-14 1.8151586758666366e-14 1.8151581061700329e-14
1.8151575864172829e-14 1.8151571122374246e-14 1.8151566796410713e-14 1.8151562849872218e-14 1.8151559249529434e-14 1.8151555965056836e-14 1.8151552968779743e-14 1.8151550235443321e-14
1.8151547742001598e-14 1.8151545467424863e-14 1.8151543392523691e-14 1.8151541499788336e-14 1.8151539773242053e-14 1.8151538198307222e-14 1.8151536761683061e-14 1.815153545123405e-14
1.8151534255888042e-14 1.8151533165543293e-14 1.8151532170983518e-14 1.8151531263800463e-14 1.815153043632315e-14 1.8151529681553355e-14 1.8151528993106677e-14 1.8151528365158815e-14
1.8151527792396444e-14 1.8151527269972483e-14 1.815152679346524e-14 1.81515263588411e-14 1.8151525962420528e-14 1.8151525600847006e-14 1.8151525271058707e-14 1.8151524970262661e-14
1.8151524695911145e-14 1.8151524445680212e-14 1.8151524217450004e-14
