# e + N2: vibrationally elastic residual; elmolcs iaa*, Schmalzried (2023), Eq. 11.10.
# Above 6000 eV: elmolcs Elastic.gen_Born, matched continuously to the last residual datum.
# Energy (eV), cross section (m^2); linear interpolation
0.00000000000000000e+00 1.080000000000e-20
1.00000000000000002e-02 2.339996000000e-20
1.14999999999999998e-02 2.423910334380e-20
1.29999999999999994e-02 2.499996000000e-20
1.39999999999999986e-02 2.551292996189e-20
1.49999999999999994e-02 2.599995000000e-20
1.70000000000000012e-02 2.699995000000e-20
1.85000000000000026e-02 2.777026481306e-20
2.00000000000000004e-02 2.849995000000e-20
2.14999999999999983e-02 2.916540189832e-20
2.29999999999999996e-02 2.979995000000e-20
2.59999999999999988e-02 3.099995000000e-20
2.79999999999999971e-02 3.186899964124e-20
2.99999999999999989e-02 3.269995000000e-20
3.40000000000000024e-02 3.519995000000e-20
3.65000000000000047e-02 3.642130826277e-20
3.89999999999999999e-02 3.759995000000e-20
4.39999999999999974e-02 3.889994000000e-20
4.75000000000000006e-02 3.992429539796e-20
5.09999999999999967e-02 4.089994000000e-20
5.80000000000000029e-02 4.259994000000e-20
6.25000000000000000e-02 4.382675189027e-20
6.70000000000000040e-02 4.499994000000e-20
7.59999999999999981e-02 4.719994000000e-20
8.69999999999999940e-02 4.779994000000e-20
9.34999999999999998e-02 4.907750861744e-20
1.00000000000000006e-01 5.029994000000e-20
1.10000000000000001e-01 5.159993000000e-20
1.19999999999999996e-01 5.314134043777e-20
1.30000000000000004e-01 5.459993000000e-20
1.40000000000000013e-01 5.608301930759e-20
1.49999999999999994e-01 5.749993000000e-20
1.70000000000000012e-01 6.009993000000e-20
1.84999999999999998e-01 6.194683919722e-20
2.00000000000000011e-01 6.369993000000e-20
2.15000000000000024e-01 6.538671567787e-20
2.30000000000000010e-01 6.699992000000e-20
2.60000000000000009e-01 7.019992000000e-20
2.80000000000000027e-01 7.214048750782e-20
2.99999999999999989e-01 7.399530000000e-20
3.40000000000000024e-01 7.728605000000e-20
3.90000000000000013e-01 8.037449000000e-20
4.40000000000000002e-01 8.476294000000e-20
4.74999999999999978e-01 8.655156355048e-20
5.10000000000000009e-01 8.824676000000e-20
5.79999999999999960e-01 9.003328000000e-20
6.70000000000000040e-01 9.192027000000e-20
7.60000000000000009e-01 9.390687000000e-20
8.69999999999999996e-01 9.698995000000e-20
1.00000000000000000e+00 9.886915000000e-20
1.10000000000000009e+00 1.008005000000e-19
1.30000000000000004e+00 1.035794000000e-19
1.39999999999999991e+00 1.069452401266e-19
1.50000000000000000e+00 1.101770000000e-19
1.52000000000000002e+00 1.121092000000e-19
1.54000000000000004e+00 1.130352000000e-19
1.56000000000000005e+00 1.149536000000e-19
1.58000000000000007e+00 1.168632000000e-19
1.60000000000000009e+00 1.177618000000e-19
1.62000000000000011e+00 1.194690000000e-19
1.63999999999999990e+00 1.210962000000e-19
1.65999999999999992e+00 1.236222000000e-19
1.67999999999999994e+00 1.260143000000e-19
1.69999999999999996e+00 1.282275000000e-19
1.71999999999999997e+00 1.311990000000e-19
1.73999999999999999e+00 1.348399000000e-19
1.76000000000000001e+00 1.390232000000e-19
1.78000000000000003e+00 1.425663000000e-19
1.80000000000000004e+00 1.462065000000e-19
1.82000000000000006e+00 1.505692000000e-19
1.84000000000000008e+00 1.541442000000e-19
1.86000000000000010e+00 1.572954000000e-19
1.87999999999999989e+00 1.604262000000e-19
1.89999999999999991e+00 1.624685000000e-19
1.91999999999999993e+00 1.628135000000e-19
1.93999999999999995e+00 1.629849000000e-19
1.95999999999999996e+00 1.632966000000e-19
1.97999999999999998e+00 1.605478000000e-19
2.00000000000000000e+00 1.587531000000e-19
2.02000000000000002e+00 1.573989000000e-19
2.04000000000000004e+00 1.577431000000e-19
2.06000000000000005e+00 1.602805000000e-19
2.08000000000000007e+00 1.652822000000e-19
2.10000000000000009e+00 1.743328000000e-19
2.11000000000000032e+00 1.821096170868e-19
2.12000000000000011e+00 1.901941000000e-19
2.12999999999999989e+00 1.989441415311e-19
2.14000000000000012e+00 2.080529000000e-19
2.15000000000000036e+00 2.164152740281e-19
2.16000000000000014e+00 2.250726000000e-19
2.18000000000000016e+00 2.385617000000e-19
2.20000000000000018e+00 2.388402000000e-19
2.22000000000000020e+00 2.305727000000e-19
2.23000000000000043e+00 2.224627803775e-19
2.24000000000000021e+00 2.146725000000e-19
2.25000000000000000e+00 2.064436793289e-19
2.25999999999999979e+00 1.985647000000e-19
2.26999999999999957e+00 1.906673714103e-19
2.27999999999999980e+00 1.831168000000e-19
2.29999999999999982e+00 1.728204000000e-19
2.31999999999999984e+00 1.676762000000e-19
2.33999999999999986e+00 1.691539000000e-19
2.35999999999999988e+00 1.802169000000e-19
2.37000000000000011e+00 1.889913286841e-19
2.37999999999999989e+00 1.981533000000e-19
2.38999999999999968e+00 2.101641209279e-19
2.39999999999999991e+00 2.228482000000e-19
2.41000000000000014e+00 2.321438354199e-19
2.41999999999999993e+00 2.417863000000e-19
2.43999999999999995e+00 2.520518000000e-19
2.45999999999999996e+00 2.466659000000e-19
2.47999999999999998e+00 2.336386000000e-19
2.49000000000000021e+00 2.250945833347e-19
2.50000000000000000e+00 2.168954000000e-19
2.50999999999999979e+00 2.076486756023e-19
2.52000000000000002e+00 1.988306000000e-19
2.53000000000000025e+00 1.907678799671e-19
2.54000000000000004e+00 1.830620000000e-19
2.56000000000000005e+00 1.725097000000e-19
2.58000000000000007e+00 1.696229000000e-19
2.60000000000000009e+00 1.733968000000e-19
2.61000000000000032e+00 1.798941454547e-19
2.62000000000000011e+00 1.866087000000e-19
2.62999999999999989e+00 1.957742939106e-19
2.64000000000000012e+00 2.053527000000e-19
2.66000000000000014e+00 2.194743000000e-19
2.68000000000000016e+00 2.260286000000e-19
2.70000000000000018e+00 2.230399000000e-19
2.72000000000000020e+00 2.158693000000e-19
2.74000000000000021e+00 2.036878000000e-19
2.75999999999999979e+00 1.920025000000e-19
2.77999999999999980e+00 1.815510000000e-19
2.79999999999999982e+00 1.744601000000e-19
2.81999999999999984e+00 1.723707000000e-19
2.83999999999999986e+00 1.730586000000e-19
2.85999999999999988e+00 1.803596000000e-19
2.87999999999999989e+00 1.884165000000e-19
2.89999999999999991e+00 1.943233000000e-19
2.91999999999999993e+00 1.943977000000e-19
2.93999999999999995e+00 1.917573000000e-19
2.95999999999999996e+00 1.881602000000e-19
2.97999999999999998e+00 1.817015000000e-19
3.00000000000000000e+00 1.736910000000e-19
3.02000000000000002e+00 1.697069000000e-19
3.04000000000000004e+00 1.666876000000e-19
3.06000000000000005e+00 1.647656000000e-19
3.08000000000000007e+00 1.656794000000e-19
3.10000000000000009e+00 1.672817000000e-19
3.12000000000000011e+00 1.697452000000e-19
3.14000000000000012e+00 1.701812000000e-19
3.16000000000000014e+00 1.690063000000e-19
3.18000000000000016e+00 1.669445000000e-19
3.20000000000000018e+00 1.639209000000e-19
3.22000000000000020e+00 1.610002000000e-19
3.24000000000000021e+00 1.584182000000e-19
3.25999999999999979e+00 1.566278000000e-19
3.27999999999999980e+00 1.542025000000e-19
3.29999999999999982e+00 1.535414000000e-19
3.31999999999999984e+00 1.536392000000e-19
3.33999999999999986e+00 1.531802000000e-19
3.35999999999999988e+00 1.537955000000e-19
3.37999999999999989e+00 1.532163000000e-19
3.39999999999999991e+00 1.532868000000e-19
3.41999999999999993e+00 1.519352000000e-19
3.43999999999999995e+00 1.501645000000e-19
3.45999999999999996e+00 1.480775000000e-19
3.47999999999999998e+00 1.468891000000e-19
3.50000000000000000e+00 1.458508000000e-19
3.52000000000000002e+00 1.441105000000e-19
3.54000000000000004e+00 1.436484000000e-19
3.56000000000000005e+00 1.433419000000e-19
3.58000000000000007e+00 1.420593000000e-19
3.60000000000000009e+00 1.417012000000e-19
3.62000000000000011e+00 1.412039000000e-19
3.64000000000000012e+00 1.405335000000e-19
3.66000000000000014e+00 1.396933000000e-19
3.68000000000000016e+00 1.387365000000e-19
3.70000000000000018e+00 1.377580000000e-19
3.72000000000000020e+00 1.368477000000e-19
3.74000000000000021e+00 1.360420000000e-19
3.75999999999999979e+00 1.353221000000e-19
3.77999999999999980e+00 1.346440000000e-19
3.79999999999999982e+00 1.339648000000e-19
3.81999999999999984e+00 1.342509000000e-19
3.83999999999999986e+00 1.334787000000e-19
3.85999999999999988e+00 1.326368000000e-19
3.87999999999999989e+00 1.327326000000e-19
3.89999999999999991e+00 1.317953000000e-19
3.91999999999999993e+00 1.308623000000e-19
3.93999999999999995e+00 1.309586000000e-19
3.95999999999999996e+00 1.300878000000e-19
3.97999999999999998e+00 1.292383000000e-19
4.00000000000000000e+00 1.303953000000e-19
4.09999999999999964e+00 1.289154000000e-19
4.20000000000000018e+00 1.272651000000e-19
4.29999999999999982e+00 1.255756000000e-19
4.40000000000000036e+00 1.247956000000e-19
4.50000000000000000e+00 1.229867000000e-19
4.59999999999999964e+00 1.220409000000e-19
4.70000000000000018e+00 1.210815000000e-19
4.79999999999999982e+00 1.201173000000e-19
4.90000000000000036e+00 1.181451000000e-19
5.00000000000000000e+00 1.171704000000e-19
5.20000000000000018e+00 1.162547000000e-19
5.50000000000000000e+00 1.153549000000e-19
5.70000000000000018e+00 1.144096000000e-19
6.00000000000000000e+00 1.134785000000e-19
6.29999999999999982e+00 1.131480000000e-19
6.59999999999999964e+00 1.119029000000e-19
6.90000000000000036e+00 1.117659000000e-19
7.20000000000000018e+00 1.116718000000e-19
7.59999999999999964e+00 1.115827000000e-19
7.90000000000000036e+00 1.115145000000e-19
8.30000000000000071e+00 1.133036000000e-19
8.69999999999999929e+00 1.138704000000e-19
9.09999999999999964e+00 1.152361000000e-19
9.59999999999999964e+00 1.163319000000e-19
1.00000000000000000e+01 1.166456000000e-19
1.10000000000000000e+01 1.162978000000e-19
1.20000000000000000e+01 1.151260000000e-19
1.30000000000000000e+01 1.163883000000e-19
1.40000000000000000e+01 1.163483000000e-19
1.50000000000000000e+01 1.166529000000e-19
1.60000000000000000e+01 1.169578000000e-19
1.70000000000000000e+01 1.177587000000e-19
1.80000000000000000e+01 1.173186000000e-19
1.90000000000000000e+01 1.178176000000e-19
2.00000000000000000e+01 1.162802000000e-19
2.30000000000000000e+01 1.152206000000e-19
2.40000000000000000e+01 1.132989000000e-19
2.50000000000000000e+01 1.114293000000e-19
2.70000000000000000e+01 1.080460000000e-19
2.80000000000000000e+01 1.053794000000e-19
2.90000000000000000e+01 1.037370000000e-19
3.00000000000000000e+01 1.021213000000e-19
3.20000000000000000e+01 9.997444000000e-20
3.30000000000000000e+01 9.844338000000e-20
3.50000000000000000e+01 9.646307000000e-20
3.70000000000000000e+01 9.458562000000e-20
3.80000000000000000e+01 9.314944000000e-20
4.00000000000000000e+01 9.031750000000e-20
4.20000000000000000e+01 8.757141000000e-20
4.40000000000000000e+01 8.590361000000e-20
4.60000000000000000e+01 8.330701000000e-20
4.80000000000000000e+01 8.077505000000e-20
4.95000000000000000e+01 7.888073473681e-20
5.10000000000000000e+01 7.708544000000e-20
5.30000000000000000e+01 7.569023000000e-20
5.60000000000000000e+01 7.318257000000e-20
5.80000000000000000e+01 7.189495000000e-20
6.10000000000000000e+01 6.953080000000e-20
6.40000000000000000e+01 6.723802000000e-20
6.70000000000000000e+01 6.500745000000e-20
7.00000000000000000e+01 6.383121000000e-20
7.40000000000000000e+01 6.126908000000e-20
7.70000000000000000e+01 5.969466000000e-20
8.10000000000000000e+01 5.774905000000e-20
8.50000000000000000e+01 5.655576000000e-20
8.90000000000000000e+01 5.550651000000e-20
9.30000000000000000e+01 5.389439000000e-20
9.70000000000000000e+01 5.231354000000e-20
1.00000000000000000e+02 5.182044000000e-20
1.05000000000000000e+02 5.096474665567e-20
1.10000000000000000e+02 5.016203000000e-20
1.20000000000000000e+02 4.879765000000e-20
1.25000000000000000e+02 4.702991556200e-20
1.30000000000000000e+02 4.539187000000e-20
1.40000000000000000e+02 4.412044000000e-20
1.45000000000000000e+02 4.238147920623e-20
1.50000000000000000e+02 4.076660000000e-20
1.55000000000000000e+02 3.976502747538e-20
1.60000000000000000e+02 3.881871000000e-20
1.65000000000000000e+02 3.792035320216e-20
1.70000000000000000e+02 3.706869000000e-20
1.80000000000000000e+02 3.601097000000e-20
1.90000000000000000e+02 3.534172000000e-20
1.95000000000000000e+02 3.421866104515e-20
2.00000000000000000e+02 3.315839000000e-20
2.10000000000000000e+02 3.185934000000e-20
2.20000000000000000e+02 3.064358000000e-20
2.30000000000000000e+02 2.951058000000e-20
2.40000000000000000e+02 2.856810864084e-20
2.50000000000000000e+02 2.769241000000e-20
2.60000000000000000e+02 2.800754000000e-20
2.65000000000000000e+02 2.723931065497e-20
2.70000000000000000e+02 2.650593000000e-20
2.80000000000000000e+02 2.528800000000e-20
2.90000000000000000e+02 2.447018736590e-20
3.00000000000000000e+02 2.370523000000e-20
3.10000000000000000e+02 2.404147000000e-20
3.20000000000000000e+02 2.436352000000e-20
3.30000000000000000e+02 2.348724940085e-20
3.40000000000000000e+02 2.266727000000e-20
3.50000000000000000e+02 2.218220852663e-20
3.60000000000000000e+02 2.172076000000e-20
3.70000000000000000e+02 2.127994000000e-20
3.90000000000000000e+02 2.086555000000e-20
4.10000000000000000e+02 2.021050000000e-20
4.20000000000000000e+02 1.965024296801e-20
4.30000000000000000e+02 1.911816000000e-20
4.50000000000000000e+02 1.829122000000e-20
4.70000000000000000e+02 1.773248000000e-20
4.90000000000000000e+02 1.714446000000e-20
5.05000000000000000e+02 1.669108377615e-20
5.20000000000000000e+02 1.626245000000e-20
5.40000000000000000e+02 1.581072000000e-20
5.70000000000000000e+02 1.544198000000e-20
5.90000000000000000e+02 1.483767000000e-20
6.20000000000000000e+02 1.429699000000e-20
6.35000000000000000e+02 1.394982792122e-20
6.50000000000000000e+02 1.361891000000e-20
6.80000000000000000e+02 1.330710000000e-20
6.95000000000000000e+02 1.282218614363e-20
7.10000000000000000e+02 1.236474000000e-20
7.30000000000000000e+02 1.204000214502e-20
7.50000000000000000e+02 1.173223000000e-20
7.80000000000000000e+02 1.162896000000e-20
8.00000000000000000e+02 1.137023774716e-20
8.20000000000000000e+02 1.112345000000e-20
8.40000000000000000e+02 1.084636394659e-20
8.60000000000000000e+02 1.058246000000e-20
8.80000000000000000e+02 1.034071940172e-20
9.00000000000000000e+02 1.010975000000e-20
9.40000000000000000e+02 9.708541000000e-21
9.65000000000000000e+02 9.432569515586e-21
9.90000000000000000e+02 9.171205000000e-21
1.00000000000000000e+03 9.059347000000e-21
1.05000000000000000e+03 8.752639456219e-21
1.10000000000000000e+03 8.469878000000e-21
1.15000000000000000e+03 8.158072383625e-21
1.20000000000000000e+03 7.870301000000e-21
1.22500000000000000e+03 7.686928622060e-21
1.25000000000000000e+03 7.511405485442e-21
1.30000000000000000e+03 7.182013000000e-21
1.32500000000000000e+03 7.006017365083e-21
1.35000000000000000e+03 6.837504816004e-21
1.40000000000000000e+03 6.521171000000e-21
1.45000000000000000e+03 6.355894462069e-21
1.50000000000000000e+03 6.200201000000e-21
1.55000000000000000e+03 5.956054693077e-21
1.60000000000000000e+03 5.728825000000e-21
1.65000000000000000e+03 5.567199334264e-21
1.70000000000000000e+03 5.414758000000e-21
1.75000000000000000e+03 5.286207805843e-21
1.80000000000000000e+03 5.164204000000e-21
1.90000000000000000e+03 4.982208000000e-21
2.00000000000000000e+03 4.900518000000e-21
2.05000000000000000e+03 4.772914039410e-21
2.10000000000000000e+03 4.651589368887e-21
2.15000000000000000e+03 4.536096258795e-21
2.20000000000000000e+03 4.426028346313e-21
2.25000000000000000e+03 4.321015979781e-21
2.30000000000000000e+03 4.220722176778e-21
2.35000000000000000e+03 4.124839103686e-21
2.40000000000000000e+03 4.033085000000e-21
2.60000000000000000e+03 3.965669197935e-21
2.80000000000000000e+03 3.904257000000e-21
2.90000000000000000e+03 3.727889043901e-21
3.00000000000000000e+03 3.565071242532e-21
3.10000000000000000e+03 3.414361165507e-21
3.20000000000000000e+03 3.274510000000e-21
3.60000000000000000e+03 3.186991000000e-21
4.00000000000000000e+03 3.127461000000e-21
4.10000000000000000e+03 3.033877712086e-21
4.20000000000000000e+03 2.945250206509e-21
4.30000000000000000e+03 2.861207197251e-21
4.40000000000000000e+03 2.781413000000e-21
4.80000000000000000e+03 2.848713000000e-21
5.00000000000000000e+03 2.767886000000e-21
5.25000000000000000e+03 2.687722154958e-21
5.50000000000000000e+03 2.613451405406e-21
5.75000000000000000e+03 2.544400989658e-21
6.00000000000000000e+03 2.480000000000e-21
6.24658855628066249e+03 2.388829536180e-21
6.49317711256132498e+03 2.304256756814e-21
6.73976566884198655e+03 2.225589055324e-21
6.98635422512264904e+03 2.152227674002e-21
7.27348005879569973e+03 2.072804870912e-21
7.56060589246875134e+03 1.999163495367e-21
7.84773172614180203e+03 1.930693505311e-21
8.13485755981485272e+03 1.866867891418e-21
8.46918469001878475e+03 1.797797192244e-21
8.80351182022271860e+03 1.733781023000e-21
9.13783895042665245e+03 1.674283536601e-21
9.47216608063058447e+03 1.618842124148e-21
9.86145404040947869e+03 1.558866880376e-21
1.02507420001883729e+04 1.503301385054e-21
1.06400299599672671e+04 1.451676160164e-21
1.10293179197461614e+04 1.403586140070e-21
1.14826018501779363e+04 1.351580747459e-21
1.19358857806097112e+04 1.303415252815e-21
1.23891697110414862e+04 1.258679287575e-21
1.28424536414732629e+04 1.217018981151e-21
1.33702539918986367e+04 1.171980142929e-21
1.38980543423240088e+04 1.130279268660e-21
1.44258546927493808e+04 1.091558418392e-21
1.49536550431747546e+04 1.055509085903e-21
1.55682217445440074e+04 1.016546523349e-21
1.61827884459132620e+04 9.804811642402e-22
1.67973551472825129e+04 9.470013960245e-22
1.74119218486517675e+04 9.158387618882e-22
1.81275186271068960e+04 8.821656821839e-22
1.88431154055620282e+04 8.510038291241e-22
1.95587121840171567e+04 8.220823856150e-22
2.02743089624722852e+04 7.951681334359e-22
2.11075443919129757e+04 7.660917275443e-22
2.19407798213536662e+04 7.391893777930e-22
2.27740152507943567e+04 7.142260797666e-22
2.36072506802350508e+04 6.909995273301e-22
2.45774636574008618e+04 6.659117201199e-22
2.55476766345666729e+04 6.427040769788e-22
2.65178896117324839e+04 6.211729447666e-22
2.74881025888982949e+04 6.011430610416e-22
2.86178111776134938e+04 5.795116818272e-22
2.97475197663286926e+04 5.595047921657e-22
3.08772283550438915e+04 5.409461169107e-22
3.20069369437590904e+04 5.236839964410e-22
3.33223610057470723e+04 5.050444869721e-22
3.46377850677350507e+04 4.878074172843e-22
3.59532091297230363e+04 4.718203684083e-22
3.72686331917110147e+04 4.569522369899e-22
3.88003029339272907e+04 4.408999692562e-22
4.03319726761435595e+04 4.260575798898e-22
4.18636424183598283e+04 4.122933974840e-22
4.33953121605760971e+04 3.994941884353e-22
4.51787767230802929e+04 3.856774279228e-22
4.69622412855844887e+04 3.729037718566e-22
4.87457058480886844e+04 3.610595625610e-22
5.05291704105928802e+04 3.500470755562e-22
5.26058229408608313e+04 3.381605969272e-22
5.46824754711287824e+04 3.271729438492e-22
5.67591280013967335e+04 3.169860758536e-22
5.88357805316646773e+04 3.075157097464e-22
6.12538188948228635e+04 2.972950506598e-22
6.36718572579810570e+04 2.878485183514e-22
6.60898956211392506e+04 2.790915946068e-22
6.85079339842974441e+04 2.709516310533e-22
7.13234794067905896e+04 2.621679549363e-22
7.41390248292837350e+04 2.540507170504e-22
7.69545702517768950e+04 2.465270945736e-22
7.97701156742700405e+04 2.395344995473e-22
8.30485152840133233e+04 2.319900284360e-22
8.63269148937566206e+04 2.250190595536e-22
8.96053145034999179e+04 2.185588757851e-22
9.28837141132432007e+04 2.125555802500e-22
9.67010576074382843e+04 2.060795532098e-22
1.00518401101633368e+05 2.000968675371e-22
1.04335744595828452e+05 1.945535310982e-22
1.08153088090023535e+05 1.894031492634e-22
1.12597973731592647e+05 1.838482594140e-22
1.17042859373161758e+05 1.787175977279e-22
1.21487745014730870e+05 1.739646997894e-22
1.25932630656299982e+05 1.695496427490e-22
1.31108221586660482e+05 1.647889057281e-22
1.36283812517020997e+05 1.603928254676e-22
1.41459403447381512e+05 1.563214286108e-22
1.46634994377741998e+05 1.525403721561e-22
1.52661412971713755e+05 1.484643803222e-22
1.58687831565685512e+05 1.447017054578e-22
1.64714250159657269e+05 1.412179688625e-22
1.70740668753629026e+05 1.379836363700e-22
1.77757784588021081e+05 1.344981556686e-22
1.84774900422413135e+05 1.312817457321e-22
1.91792016256805189e+05 1.283048483585e-22
1.98809132091197243e+05 1.255420725520e-22
2.06979808234160591e+05 1.225659423783e-22
2.15150484377123910e+05 1.198207434617e-22
2.23321160520087229e+05 1.172810703198e-22
2.31491836663050577e+05 1.149251011059e-22
2.41005709628634038e+05 1.123884014154e-22
2.50519582594217471e+05 1.100497458041e-22
2.60033455559800903e+05 1.078873061840e-22
2.69547328525384364e+05 1.058823354586e-22
2.80625209623781731e+05 1.037247895745e-22
2.91703090722179099e+05 1.017369147518e-22
3.02780971820576466e+05 9.989996523115e-23
3.13858852918973833e+05 9.819784337001e-23
3.26757853155172954e+05 9.636742920482e-23
3.39656853391372075e+05 9.468219105195e-23
3.52555853627571196e+05 9.312604000560e-23
3.65454853863770317e+05 9.168516247535e-23
3.80474351330441656e+05 9.013690900566e-23
3.95493848797112936e+05 8.871266791014e-23
4.10513346263784275e+05 8.739864190398e-23
4.25532843730455614e+05 8.618298787087e-23
4.43021431994705286e+05 8.487793743172e-23
4.60510020258954959e+05 8.367859945988e-23
4.77998608523204632e+05 8.257315508487e-23
4.95487196787454304e+05 8.155146280630e-23
5.15850775539349474e+05 8.045578284762e-23
5.36214354291244643e+05 7.944998089374e-23
5.76941511795035098e+05 7.766901400159e-23
6.24363903279008809e+05 7.591364582091e-23
6.71786294762982405e+05 7.442967997610e-23
7.27004565614562365e+05 7.297083125752e-23
7.82222836466142326e+05 7.174088373183e-23
8.46518569777459372e+05 7.053516166390e-23
9.10814303088776534e+05 6.952160051746e-23
9.85679764434923185e+05 6.853100137742e-23
1.06054522578106984e+06 6.770086835703e-23
1.14771799781297240e+06 6.689212116719e-23
1.23489076984487497e+06 6.621658535400e-23
1.33639408054499654e+06 6.556062145043e-23
1.43789739124511788e+06 6.501453552929e-23
1.55608707184073981e+06 6.448605392726e-23
1.67427675243636151e+06 6.404758586728e-23
1.81189591483554803e+06 6.362468637424e-23
1.94951507723473478e+06 6.327500223081e-23
2.27000048279653396e+06 6.266184065394e-23
2.64317124400267657e+06 6.217838199298e-23
3.07768843137679948e+06 6.179959016711e-23
3.58363692936006887e+06 6.150458537437e-23
4.17275950045671454e+06 6.127613231791e-23
4.85872932773940917e+06 6.110014894993e-23
5.65746736126326118e+06 6.096524360559e-23
6.58751183380918205e+06 6.086228826251e-23
7.67044852219637576e+06 6.078403388421e-23
8.93141174027207680e+06 6.072477124866e-23
1.03996676913266461e+07 6.068003801615e-23
1.21092937191952448e+07 6.064637050691e-23
1.40999692230584826e+07 6.062109696127e-23
1.64178965926023331e+07 6.060216798870e-23
1.91168735378923528e+07 6.058801941108e-23
2.22595417020982765e+07 6.057746264709e-23
2.59188405366246998e+07 6.056959803530e-23
3.01797001822213754e+07 6.056374693169e-23
3.51410126468329355e+07 6.055939894622e-23
4.09179270300483108e+07 6.055617123267e-23
4.76445220649397373e+07 6.055377727106e-23
5.54769180053901970e+07 6.055200305681e-23
6.45969000839569271e+07 6.055068902308e-23
7.52161376385630518e+07 6.054971637077e-23
8.75810968314303309e+07 6.054899676707e-23
1.01978760981523246e+08 6.054846460574e-23
1.18743291276006341e+08 6.054807120699e-23
1.38263782451849461e+08 6.054778048057e-23
1.60993293452319622e+08 6.054756568910e-23
1.87459362654504031e+08 6.054740703654e-23
2.18276251720015645e+08 6.054728987395e-23
2.54159202241344512e+08 6.054720336622e-23
2.95941036072103322e+08 6.054713950230e-23
3.44591484624919116e+08 6.054709236116e-23
4.01239695758431852e+08 6.054705756781e-23
4.67200440624808013e+08 6.054703189041e-23
5.44004628723048806e+08 6.054701294212e-23
6.33434839394258618e+08 6.054699896047e-23
7.37566694423661232e+08 6.054698864425e-23
8.58817031982749104e+08 6.054698103294e-23
1.00000000000000000e+09 6.054697541755e-23
