# e + N2, J=0->0; elmolcs iaa*, Kutz and Meyer (1995), Fig. 7a.
# Energy (eV), cross section (m^2); linear interpolation
0.00000000000000000e+00 1.080000000000e-20
1.00000000000000002e-03 1.150000000000e-20
1.06250000000000008e-03 1.106238908000e-20
1.12500000000000013e-03 1.066506122947e-20
1.18750000000000019e-03 1.030236393119e-20
1.25000000000000003e-03 9.969683159977e-21
1.31249999999999986e-03 9.663211842031e-21
1.37499999999999992e-03 9.379778190982e-21
1.43749999999999998e-03 9.116716489195e-21
1.50000000000000003e-03 8.871768476925e-21
1.56250000000000009e-03 8.643007157420e-21
1.62500000000000014e-03 8.428777251136e-21
1.68750000000000020e-03 8.227648175661e-21
1.75000000000000004e-03 8.038376560753e-21
1.81249999999999988e-03 7.859876100977e-21
1.87499999999999993e-03 7.691193111619e-21
1.93749999999999999e-03 7.531486558813e-21
2.00000000000000004e-03 7.380011630000e-21
2.06250000000000010e-03 7.176691879813e-21
2.12500000000000015e-03 6.984796886890e-21
2.18750000000000021e-03 6.803376184131e-21
2.25000000000000026e-03 6.631582614875e-21
2.31250000000000032e-03 6.468658611702e-21
2.37500000000000037e-03 6.313924611147e-21
2.43750000000000043e-03 6.166769225538e-21
2.50000000000000005e-03 6.026640868152e-21
2.56249999999999967e-03 5.893040586529e-21
2.62499999999999973e-03 5.765515905028e-21
2.74999999999999984e-03 5.527084674547e-21
2.87499999999999995e-03 5.308472094429e-21
3.00000000000000006e-03 5.107272160000e-21
3.06250000000000012e-03 4.962996471576e-21
3.12500000000000017e-03 4.825589373999e-21
3.18750000000000023e-03 4.694596104424e-21
3.25000000000000028e-03 4.569600144436e-21
3.31250000000000034e-03 4.450219345391e-21
3.37500000000000040e-03 4.336102510545e-21
3.43750000000000045e-03 4.226926372836e-21
3.50000000000000007e-03 4.122392916279e-21
3.56249999999999969e-03 4.022226996594e-21
3.62499999999999975e-03 3.926174223062e-21
3.74999999999999986e-03 3.745483182851e-21
3.87499999999999997e-03 3.578632763067e-21
4.00000000000000008e-03 3.424165915394e-21
4.12500000000000019e-03 3.280818241583e-21
4.25000000000000031e-03 3.147487634046e-21
4.37500000000000042e-03 3.023209427130e-21
4.50000000000000053e-03 2.907135934236e-21
4.62500000000000064e-03 2.798519499623e-21
4.75000000000000075e-03 2.696698385017e-21
4.87500000000000086e-03 2.601084956667e-21
5.00000000000000010e-03 2.511155750000e-21
5.12499999999999935e-03 2.392892517208e-21
5.24999999999999946e-03 2.282851245974e-21
5.37499999999999957e-03 2.180284423059e-21
5.49999999999999968e-03 2.084527768818e-21
5.62499999999999979e-03 1.994989343736e-21
5.74999999999999990e-03 1.911140284266e-21
5.87500000000000001e-03 1.832506895130e-21
6.00000000000000012e-03 1.758663875580e-21
6.12500000000000024e-03 1.689228497404e-21
6.25000000000000035e-03 1.623855584747e-21
6.37500000000000046e-03 1.562233171896e-21
6.50000000000000057e-03 1.504078736308e-21
6.62500000000000068e-03 1.449135921344e-21
6.75000000000000079e-03 1.397171677223e-21
6.87500000000000090e-03 1.347973760272e-21
7.00000000000000015e-03 1.301348540000e-21
7.09374999999999936e-03 1.264237901240e-21
7.18749999999999944e-03 1.228652171922e-21
7.28124999999999953e-03 1.194510008797e-21
7.37499999999999961e-03 1.161735379157e-21
7.46874999999999969e-03 1.130257152294e-21
7.56249999999999978e-03 1.100008727030e-21
7.65624999999999986e-03 1.070927691727e-21
7.74999999999999994e-03 1.042955513597e-21
7.93750000000000011e-03 9.901213104541e-22
8.12500000000000028e-03 9.411052113502e-22
8.31250000000000044e-03 8.955524779405e-22
8.50000000000000061e-03 8.531483341040e-22
8.68750000000000078e-03 8.136127087976e-22
8.87500000000000094e-03 7.766957657116e-22
9.06250000000000111e-03 7.421740883048e-22
9.25000000000000128e-03 7.098474129404e-22
9.43750000000000144e-03 6.795358221669e-22
9.62500000000000161e-03 6.510773257212e-22
9.81250000000000178e-03 6.243257693841e-22
1.00000000000000002e-02 5.991490220000e-22
1.12499999999999996e-02 6.616952000288e-22
1.25000000000000007e-02 7.231575722302e-22
1.37500000000000001e-02 7.836609899183e-22
1.49999999999999994e-02 8.433058880000e-22
1.53124999999999997e-02 8.931973525014e-22
1.56250000000000000e-02 9.449425344366e-22
1.59375000000000003e-02 9.985711649029e-22
1.62500000000000006e-02 1.054112848933e-21
1.65625000000000008e-02 1.111597068488e-21
1.68750000000000011e-02 1.171053185320e-21
1.71875000000000014e-02 1.232510443717e-21
1.75000000000000017e-02 1.295997973140e-21
1.78125000000000019e-02 1.361544790742e-21
1.81250000000000022e-02 1.429179803804e-21
1.84375000000000025e-02 1.498931812062e-21
1.87500000000000028e-02 1.570829509955e-21
1.90625000000000031e-02 1.644901488785e-21
1.93750000000000033e-02 1.721176238793e-21
1.96875000000000036e-02 1.799682151173e-21
2.00000000000000004e-02 1.880447520000e-21
2.06249999999999975e-02 2.020504242637e-21
2.12499999999999981e-02 2.166341280492e-21
2.18749999999999986e-02 2.318016654623e-21
2.24999999999999992e-02 2.475587261018e-21
2.31249999999999997e-02 2.639108923663e-21
2.37500000000000003e-02 2.808636443705e-21
2.43750000000000008e-02 2.984223645113e-21
2.50000000000000014e-02 3.165923417152e-21
2.56250000000000019e-02 3.353787753983e-21
2.62500000000000025e-02 3.547867791639e-21
2.68750000000000031e-02 3.748213842623e-21
2.75000000000000001e-02 3.954875428315e-21
2.81249999999999972e-02 4.167901309398e-21
2.87499999999999978e-02 4.387339514439e-21
2.93749999999999983e-02 4.613237366801e-21
2.99999999999999989e-02 4.845641510000e-21
3.12500000000000000e-02 5.199019738375e-21
3.25000000000000011e-02 5.562787973253e-21
3.37500000000000022e-02 5.936834445522e-21
3.50000000000000033e-02 6.321052742640e-21
3.62500000000000044e-02 6.715341367132e-21
3.75000000000000056e-02 7.119603345649e-21
3.87500000000000067e-02 7.533745881289e-21
4.00000000000000008e-02 7.957680043125e-21
4.12499999999999950e-02 8.391320487917e-21
4.24999999999999961e-02 8.834585209781e-21
4.37499999999999972e-02 9.287395314253e-21
4.49999999999999983e-02 9.749674813741e-21
4.75000000000000006e-02 1.070235148399e-20
5.00000000000000028e-02 1.169205880000e-20
5.50000000000000072e-02 1.327026344767e-20
6.00000000000000047e-02 1.489636007198e-20
6.50000000000000022e-02 1.656762485656e-20
7.00000000000000067e-02 1.828168990000e-20
7.75000000000000133e-02 2.053643429785e-20
8.50000000000000061e-02 2.282256375446e-20
9.24999999999999989e-02 2.513768242034e-20
1.00000000000000006e-01 2.747975870000e-20
1.25000000000000000e-01 3.389509015851e-20
1.49999999999999994e-01 4.023374170000e-20
1.62499999999999978e-01 4.281504827877e-20
1.74999999999999989e-01 4.535238202166e-20
2.00000000000000011e-01 5.030983990000e-20
2.25000000000000006e-01 5.430305006535e-20
2.50000000000000000e-01 5.814293515778e-20
2.75000000000000022e-01 6.184992820840e-20
2.99999999999999989e-01 6.544014490000e-20
3.24999999999999956e-01 6.805225765704e-20
3.49999999999999978e-01 7.056356137608e-20
3.75000000000000000e-01 7.298475868842e-20
4.00000000000000022e-01 7.532478698297e-20
4.50000000000000011e-01 7.979045280957e-20
5.00000000000000000e-01 8.400900410000e-20
5.50000000000000044e-01 8.654945186755e-20
5.99999999999999978e-01 8.893572167514e-20
6.49999999999999911e-01 9.118893404412e-20
6.99999999999999956e-01 9.332594500000e-20
7.74999999999999911e-01 9.545051351561e-20
8.49999999999999978e-01 9.742051130666e-20
9.25000000000000044e-01 9.925944601496e-20
1.00000000000000000e+00 1.009856770000e-19
1.12500000000000000e+00 1.041185864492e-19
1.25000000000000000e+00 1.070033377885e-19
1.37500000000000000e+00 1.096817060900e-19
1.50000000000000000e+00 1.121853620000e-19
1.80000000000000004e+00 1.313563100000e-19
1.85000000000000009e+00 1.396936933040e-19
1.89999999999999991e+00 1.483166419771e-19
1.94999999999999996e+00 1.572270358981e-19
2.00000000000000000e+00 1.664267180000e-19
2.03750000000000009e+00 1.775422607103e-19
2.07500000000000018e+00 1.891770026956e-19
2.11249999999999982e+00 2.013451525183e-19
2.14999999999999991e+00 2.140610426488e-19
2.18750000000000000e+00 2.273391283175e-19
2.22499999999999964e+00 2.411939863979e-19
2.26249999999999973e+00 2.556403143179e-19
2.29999999999999982e+00 2.706929290000e-19
2.31874999999999964e+00 2.623403571481e-19
2.33749999999999991e+00 2.543097002808e-19
2.35625000000000018e+00 2.465861167501e-19
2.37500000000000000e+00 2.391555596689e-19
2.39374999999999982e+00 2.320047285273e-19
2.41250000000000009e+00 2.251210241023e-19
2.43125000000000036e+00 2.184925064161e-19
2.45000000000000018e+00 2.121078555127e-19
2.46875000000000000e+00 2.059563348458e-19
2.48750000000000027e+00 2.000277570856e-19
2.50625000000000053e+00 1.943124521674e-19
2.52500000000000036e+00 1.888012374202e-19
2.54375000000000018e+00 1.834853896263e-19
2.56250000000000000e+00 1.783566188721e-19
2.60000000000000009e+00 1.686291700000e-19
2.65000000000000036e+00 1.600046688548e-19
2.70000000000000018e+00 1.519703285624e-19
2.75000000000000000e+00 1.444759311470e-19
2.79999999999999982e+00 1.374763391063e-19
2.84999999999999964e+00 1.309309025803e-19
2.89999999999999991e+00 1.248029445838e-19
2.95000000000000018e+00 1.190593128927e-19
3.00000000000000000e+00 1.136699890000e-19
3.12500000000000000e+00 1.093991174727e-19
3.25000000000000000e+00 1.054469991723e-19
3.37500000000000000e+00 1.017789066068e-19
3.50000000000000000e+00 9.836500220000e-20
3.62500000000000000e+00 9.634684862107e-20
3.75000000000000000e+00 9.443645394017e-20
4.00000000000000000e+00 9.090369830000e-20
4.25000000000000000e+00 8.929476790930e-20
4.50000000000000000e+00 8.780391803925e-20
4.75000000000000000e+00 8.641661013657e-20
5.00000000000000000e+00 8.512074530000e-20
5.50000000000000000e+00 8.316847050000e-20
6.00000000000000000e+00 8.182433360000e-20
7.00000000000000000e+00 8.076016920000e-20
7.75000000000000000e+00 7.985631655743e-20
8.50000000000000000e+00 7.904478048794e-20
1.00000000000000000e+01 7.763695510000e-20
1.25000000000000000e+01 7.652160684125e-20
1.50000000000000000e+01 7.562220590000e-20
2.00000000000000000e+01 7.662294380000e-20
2.12500000000000000e+01 7.468973636494e-20
2.25000000000000000e+01 7.291175328193e-20
2.37500000000000000e+01 7.126889556648e-20
2.50000000000000000e+01 6.974455524042e-20
2.62500000000000000e+01 6.832486953035e-20
2.75000000000000000e+01 6.699816144509e-20
2.87500000000000000e+01 6.575451399018e-20
3.00000000000000000e+01 6.458544180000e-20
3.25000000000000000e+01 6.274939850872e-20
3.50000000000000000e+01 6.109605463044e-20
3.75000000000000000e+01 5.959600866609e-20
4.00000000000000000e+01 5.822616667428e-20
4.25000000000000000e+01 5.696809146395e-20
4.50000000000000000e+01 5.580685293087e-20
4.75000000000000000e+01 5.473020867105e-20
5.00000000000000000e+01 5.372800800000e-20
5.25000000000000000e+01 5.281405152095e-20
5.50000000000000000e+01 5.195710306816e-20
6.00000000000000000e+01 5.039141045665e-20
6.50000000000000000e+01 4.899281104212e-20
7.00000000000000000e+01 4.773254140000e-20
7.37500000000000000e+01 4.664338289275e-20
7.75000000000000000e+01 4.563129735006e-20
8.12500000000000000e+01 4.468748041249e-20
8.50000000000000000e+01 4.380448206885e-20
8.87500000000000000e+01 4.297594927762e-20
9.25000000000000000e+01 4.219642605694e-20
1.00000000000000000e+02 4.076615990000e-20
1.06250000000000000e+02 3.934897588246e-20
1.12500000000000000e+02 3.805797133775e-20
1.18750000000000000e+02 3.687579165041e-20
1.25000000000000000e+02 3.578822594961e-20
1.31250000000000000e+02 3.478351370810e-20
1.37500000000000000e+02 3.385182910744e-20
1.43750000000000000e+02 3.298489178922e-20
1.50000000000000000e+02 3.217566900000e-20
1.56250000000000000e+02 3.134620797239e-20
1.62500000000000000e+02 3.056943127447e-20
1.68750000000000000e+02 2.984015255131e-20
1.75000000000000000e+02 2.915386412974e-20
1.81250000000000000e+02 2.850662773138e-20
1.87500000000000000e+02 2.789498586018e-20
1.93750000000000000e+02 2.731588940899e-20
2.00000000000000000e+02 2.676663810000e-20
2.06250000000000000e+02 2.621164536253e-20
2.12500000000000000e+02 2.568422163690e-20
2.25000000000000000e+02 2.470381290338e-20
2.37500000000000000e+02 2.381089239042e-20
2.50000000000000000e+02 2.299363526526e-20
2.62500000000000000e+02 2.224230589092e-20
2.75000000000000000e+02 2.154880990463e-20
2.87500000000000000e+02 2.090635774755e-20
3.00000000000000000e+02 2.030920840000e-20
3.12500000000000000e+02 1.972047562731e-20
3.25000000000000000e+02 1.917091801143e-20
3.37500000000000000e+02 1.865656709424e-20
3.50000000000000000e+02 1.817398446733e-20
3.62500000000000000e+02 1.772017505788e-20
3.75000000000000000e+02 1.729251703034e-20
3.87500000000000000e+02 1.688870468469e-20
4.00000000000000000e+02 1.650670160924e-20
4.12500000000000000e+02 1.614470199036e-20
4.25000000000000000e+02 1.580109845970e-20
4.37500000000000000e+02 1.547445521857e-20
4.50000000000000000e+02 1.516348545015e-20
4.75000000000000000e+02 1.458405236648e-20
5.00000000000000000e+02 1.405482740000e-20
5.25000000000000000e+02 1.347756048397e-20
5.50000000000000000e+02 1.294924801125e-20
5.75000000000000000e+02 1.246378426931e-20
6.00000000000000000e+02 1.201604843209e-20
6.25000000000000000e+02 1.160171255127e-20
6.50000000000000000e+02 1.121709294347e-20
6.75000000000000000e+02 1.085903391783e-20
7.00000000000000000e+02 1.052481590000e-20
7.18750000000000000e+02 1.027155245185e-20
7.37500000000000000e+02 1.003067374083e-20
7.56250000000000000e+02 9.801281809763e-21
7.75000000000000000e+02 9.582563977399e-21
8.12500000000000000e+02 9.174268081420e-21
8.50000000000000000e+02 8.800645311281e-21
8.87500000000000000e+02 8.457408196588e-21
9.25000000000000000e+02 8.140952010411e-21
9.62500000000000000e+02 7.848223646832e-21
1.00000000000000000e+03 7.576619660000e-21
