# energy_min_eV = 0
# energy_max_eV = 1000
# outside_energy_range = error
# e + N2, J=0->2; elmolcs iaa* (Itikawa/Kutz-Meyer); canonical rigid-rotor threshold.
# Energy (eV), cross section (m^2); linear interpolation
1.48632257081720469e-03 0.000000000000e+00
1.48632298821921825e-03 2.386341094439e-24
1.48632340562123203e-03 3.374795466773e-24
1.48632382302324581e-03 4.133262859736e-24
1.48632424042525937e-03 4.772680179041e-24
1.48632465782727293e-03 5.336017908210e-24
1.48632507522928649e-03 5.845313930290e-24
1.48632549263130005e-03 6.313659760562e-24
1.48632591003331383e-03 6.749585246901e-24
1.48632632743532760e-03 7.159015242323e-24
1.48632674483734116e-03 7.546263596847e-24
1.48632716223935472e-03 7.914586919604e-24
1.48632757964136828e-03 8.266515272135e-24
1.48632799704338184e-03 8.604060679849e-24
1.48632841444539562e-03 8.928854485608e-24
1.48632883184740940e-03 9.242241149712e-24
1.48632924924942296e-03 9.545344274165e-24
1.48633008405345008e-03 1.012436365422e-23
1.48633091885747742e-03 1.067201333878e-23
1.48633175366150476e-03 1.119289887427e-23
1.48633258846553188e-03 1.169059831317e-23
1.48633342326955921e-03 1.216795709392e-23
1.48633425807358655e-03 1.262728228740e-23
1.48633509287761367e-03 1.307047525133e-23
1.48633592768164101e-03 1.349912500257e-23
1.48633759728969547e-03 1.431797620234e-23
1.48633926689775014e-03 1.509246361786e-23
1.48634093650580460e-03 1.582910049263e-23
1.48634260611385906e-03 1.653294697210e-23
1.48634427572191374e-03 1.720802712657e-23
1.48634594532996820e-03 1.785760365838e-23
1.48634761493802265e-03 1.848436550381e-23
1.48634928454607733e-03 1.909055988094e-23
1.48635262376218646e-03 2.024857377761e-23
1.48635596297829560e-03 2.134384686039e-23
1.48635930219440451e-03 2.238559029563e-23
1.48636264141051365e-03 2.338096025159e-23
1.48636598062662278e-03 2.433564765948e-23
1.48636931984273170e-03 2.525426670964e-23
1.48637265905884083e-03 2.614062016097e-23
1.48637599827494997e-03 2.699788608539e-23
1.48638267670716823e-03 2.863551816203e-23
1.48638935513938628e-03 3.018441864663e-23
1.48639603357160434e-03 3.165761423378e-23
1.48640271200382260e-03 3.306522539227e-23
1.48640939043604087e-03 3.441530041773e-23
1.48641606886825892e-03 3.571436485207e-23
1.48642274730047697e-03 3.696779668966e-23
1.48642942573269524e-03 3.818009047605e-23
1.48644278259713156e-03 4.049591937774e-23
1.48645613946156788e-03 4.268625527428e-23
1.48646949632600420e-03 4.476952108439e-23
1.48648285319044051e-03 4.676002964809e-23
1.48649621005487683e-03 4.866916326715e-23
1.48650956691931315e-03 5.050615070974e-23
1.48652292378374947e-03 5.227859783842e-23
1.48653628064818579e-03 5.399286110701e-23
1.48656299437705842e-03 5.726756277696e-23
1.48658970810593106e-03 6.036476909505e-23
1.48661642183480370e-03 6.331053510817e-23
1.48664313556367634e-03 6.612510317929e-23
1.48666984929254897e-03 6.882457114266e-23
1.48669656302142161e-03 7.142199117839e-23
1.48672327675029425e-03 7.392812025152e-23
1.48674999047916710e-03 7.635194833003e-23
1.48680341793691259e-03 8.098201557030e-23
1.48685684539465787e-03 8.536100588465e-23
1.48691027285240314e-03 8.952576980328e-23
1.48696370031014841e-03 9.350493704166e-23
1.48701712776789369e-03 9.732127572202e-23
1.48707055522563896e-03 1.009932464846e-22
1.48712398268338424e-03 1.045360638193e-22
1.48717741014112951e-03 1.079624431170e-22
1.48728426505662006e-03 1.145073498126e-22
1.48739111997211060e-03 1.206970090458e-22
1.48749797488760115e-03 1.265835442043e-22
1.48760482980309170e-03 1.322074514478e-22
1.48771168471858225e-03 1.376009364166e-22
1.48781853963407280e-03 1.427901122680e-22
1.48792539454956334e-03 1.477965007697e-22
1.48803224946505411e-03 1.526380888981e-22
1.48824595929603542e-03 1.618855170832e-22
1.48845966912701652e-03 1.706300673912e-22
1.48867337895799761e-03 1.789454786017e-22
1.48888708878897871e-03 1.868890425977e-22
1.48910079861995981e-03 1.945063239342e-22
1.48931450845094112e-03 2.018342688769e-22
1.48952821828192243e-03 2.089033286712e-22
1.48974192811290353e-03 2.157389541081e-22
1.49016934777486594e-03 2.287928971612e-22
1.49059676743682834e-03 2.411343098225e-22
1.49102418709879054e-03 2.528675462134e-22
1.49145160676075294e-03 2.640736910663e-22
1.49187902642271535e-03 2.748172363319e-22
1.49230644608467754e-03 2.851504795634e-22
1.49273386574663995e-03 2.951165278203e-22
1.49316128540860236e-03 3.047514121756e-22
1.49401612473252718e-03 3.231451976253e-22
1.49487096405645178e-03 3.405275396656e-22
1.49572580338037638e-03 3.570462231110e-22
1.49658064270430120e-03 3.728160965485e-22
1.49743548202822601e-03 3.879285205273e-22
1.49829032135215061e-03 4.024575921875e-22
1.49914516067607521e-03 4.164643966772e-22
1.50000000000000003e-03 4.300000000000e-22
1.50156250000000008e-03 4.530007506759e-22
1.50312500000000012e-03 4.747178983399e-22
1.50468749999999995e-03 4.953215370981e-22
1.50624999999999999e-03 5.149465148109e-22
1.50781250000000004e-03 5.337019243094e-22
1.50937499999999987e-03 5.516775373417e-22
1.51093749999999991e-03 5.689483057390e-22
1.51249999999999996e-03 5.855775957759e-22
1.51562500000000005e-03 6.171209525867e-22
1.51874999999999992e-03 6.466596600940e-22
1.52187499999999979e-03 6.744638427362e-22
1.52499999999999988e-03 7.007463317387e-22
1.52812499999999997e-03 7.256785019021e-22
1.53124999999999984e-03 7.494008742598e-22
1.53437499999999971e-03 7.720304576389e-22
1.53749999999999980e-03 7.936659786735e-22
1.54062499999999989e-03 8.143916992719e-22
1.54374999999999998e-03 8.342802623056e-22
1.54999999999999995e-03 8.717908628012e-22
1.55624999999999991e-03 9.066173275372e-22
1.56250000000000009e-03 9.390903462773e-22
1.56875000000000005e-03 9.694764883770e-22
1.57500000000000001e-03 9.979946819532e-22
1.58124999999999997e-03 1.024827581334e-21
1.58749999999999994e-03 1.050129641892e-21
1.59374999999999990e-03 1.074033001472e-21
1.59999999999999986e-03 1.096651857937e-21
1.61249999999999978e-03 1.138422315717e-21
1.62499999999999993e-03 1.176104546683e-21
1.63750000000000007e-03 1.210224107268e-21
1.64999999999999999e-03 1.241206582299e-21
1.66249999999999992e-03 1.269402936262e-21
1.67499999999999984e-03 1.295107037399e-21
1.68749999999999976e-03 1.318568139191e-21
1.69999999999999991e-03 1.340000000000e-21
1.71874999999999979e-03 1.389150327012e-21
1.73749999999999990e-03 1.435503880815e-21
1.75625000000000000e-03 1.479360096159e-21
1.77500000000000010e-03 1.520968977495e-21
1.79375000000000021e-03 1.560541965939e-21
1.81250000000000009e-03 1.598259891894e-21
1.85000000000000008e-03 1.668735066969e-21
1.88750000000000007e-03 1.733422350262e-21
1.92500000000000006e-03 1.793122729289e-21
1.96249999999999983e-03 1.848475315707e-21
2.00000000000000004e-03 1.900000000000e-21
2.03125000000000007e-03 1.940279107378e-21
2.06250000000000010e-03 1.978409568741e-21
2.12500000000000015e-03 2.048937130047e-21
2.18750000000000021e-03 2.112802296185e-21
2.25000000000000026e-03 2.170963511484e-21
2.31250000000000032e-03 2.224189274943e-21
2.37500000000000037e-03 2.273106097823e-21
2.43750000000000043e-03 2.318231910060e-21
2.50000000000000005e-03 2.360000000000e-21
2.56249999999999967e-03 2.400266633363e-21
2.62499999999999973e-03 2.437863386831e-21
2.74999999999999984e-03 2.506068617567e-21
2.87499999999999995e-03 2.566339780468e-21
3.00000000000000006e-03 2.620000000000e-21
3.12500000000000017e-03 2.666463909223e-21
3.25000000000000028e-03 2.708191065735e-21
3.37500000000000040e-03 2.745853400183e-21
3.50000000000000007e-03 2.780000000000e-21
3.74999999999999986e-03 2.844832229637e-21
4.00000000000000008e-03 2.900000000000e-21
4.25000000000000031e-03 2.943021772810e-21
4.49999999999999966e-03 2.980000000000e-21
4.74999999999999988e-03 3.017108671046e-21
5.00000000000000010e-03 3.050000000000e-21
5.49999999999999968e-03 3.090000000000e-21
6.00000000000000012e-03 3.130000000000e-21
6.50000000000000057e-03 3.162823588802e-21
7.00000000000000015e-03 3.190000000000e-21
7.49999999999999972e-03 3.216844078957e-21
8.00000000000000017e-03 3.240000000000e-21
8.99999999999999932e-03 3.270000000000e-21
1.00000000000000002e-02 3.290000000000e-21
1.12499999999999996e-02 3.311919941939e-21
1.25000000000000007e-02 3.328192702679e-21
1.49999999999999994e-02 3.350000000000e-21
1.75000000000000017e-02 3.362475867849e-21
2.00000000000000004e-02 3.370000000000e-21
2.50000000000000014e-02 3.377854998534e-21
2.99999999999999989e-02 3.380000000000e-21
4.00000000000000008e-02 3.380000000000e-21
5.99999999999999978e-02 3.380000000000e-21
8.00000000000000017e-02 3.390000000000e-21
1.00000000000000006e-01 3.400000000000e-21
1.19999999999999996e-01 3.420000000000e-21
1.40000000000000013e-01 3.440000000000e-21
1.60000000000000003e-01 3.460000000000e-21
2.00000000000000011e-01 3.510000000000e-21
2.37500000000000017e-01 3.582373253700e-21
2.75000000000000022e-01 3.645019864347e-21
3.12500000000000000e-01 3.700360342071e-21
3.49999999999999978e-01 3.750000000000e-21
4.00000000000000022e-01 3.864128993415e-21
4.50000000000000011e-01 3.967566961821e-21
5.00000000000000000e-01 4.062359635096e-21
5.50000000000000044e-01 4.150000000000e-21
6.25000000000000000e-01 4.332031123686e-21
6.99999999999999956e-01 4.500000000000e-21
7.50000000000000000e-01 4.627491902539e-21
8.00000000000000044e-01 4.750000000000e-21
9.00000000000000022e-01 5.027806086798e-21
1.00000000000000000e+00 5.290000000000e-21
1.12500000000000000e+00 5.693299140098e-21
1.25000000000000000e+00 6.080000000000e-21
1.37500000000000000e+00 6.868322840359e-21
1.50000000000000000e+00 7.676897870000e-21
1.57499999999999996e+00 8.322606125041e-21
1.64999999999999991e+00 8.988775480000e-21
1.68750000000000000e+00 9.587792622054e-21
1.72500000000000009e+00 1.021223511391e-20
1.76250000000000018e+00 1.086259406459e-20
1.80000000000000004e+00 1.153935920000e-20
1.81250000000000000e+00 1.199658993659e-20
1.82500000000000018e+00 1.246860708586e-20
1.83750000000000013e+00 1.295578260793e-20
1.85000000000000009e+00 1.345849518459e-20
1.86250000000000004e+00 1.397713029380e-20
1.87500000000000000e+00 1.451208028448e-20
1.88749999999999996e+00 1.506374445163e-20
1.89999999999999991e+00 1.563252911179e-20
1.91249999999999987e+00 1.621884767876e-20
1.92499999999999982e+00 1.682312073966e-20
1.93750000000000000e+00 1.744577613125e-20
1.94999999999999996e+00 1.808724901668e-20
1.96249999999999991e+00 1.874798196237e-20
1.97500000000000009e+00 1.942842501534e-20
1.98750000000000004e+00 2.012903578080e-20
2.00000000000000000e+00 2.085027950000e-20
2.00937499999999991e+00 2.168278621017e-20
2.01874999999999982e+00 2.254442404117e-20
2.02812500000000018e+00 2.343606991928e-20
2.03750000000000009e+00 2.435862292124e-20
2.04687500000000000e+00 2.531300472751e-20
2.05625000000000036e+00 2.630016008254e-20
2.06562500000000027e+00 2.732105726238e-20
2.07500000000000018e+00 2.837668854941e-20
2.08437500000000009e+00 2.946807071457e-20
2.09375000000000000e+00 3.059624550694e-20
2.10312499999999991e+00 3.176228015083e-20
2.11249999999999982e+00 3.296726785051e-20
2.12187499999999973e+00 3.421232830263e-20
2.13124999999999964e+00 3.549860821630e-20
2.14062500000000000e+00 3.682728184112e-20
2.14999999999999991e+00 3.819955150309e-20
2.15937499999999982e+00 3.961664814853e-20
2.16875000000000018e+00 4.107983189608e-20
2.17812500000000009e+00 4.259039259687e-20
2.18750000000000000e+00 4.414965040302e-20
2.19687499999999991e+00 4.575895634437e-20
2.20624999999999982e+00 4.741969291374e-20
2.21562499999999973e+00 4.913327466067e-20
2.22499999999999964e+00 5.090114879373e-20
2.23437499999999956e+00 5.272479579159e-20
2.24374999999999947e+00 5.460573002284e-20
2.25312499999999982e+00 5.654550037464e-20
2.26249999999999973e+00 5.854569089040e-20
2.27187499999999964e+00 6.060792141643e-20
2.28125000000000000e+00 6.273384825778e-20
2.29062499999999991e+00 6.492516484331e-20
2.29999999999999982e+00 6.718360240000e-20
2.33749999999999991e+00 6.478088842020e-20
2.37500000000000000e+00 6.250031518415e-20
2.41250000000000009e+00 6.033388968406e-20
2.45000000000000018e+00 5.827425518739e-20
2.48750000000000027e+00 5.631463184478e-20
2.52500000000000036e+00 5.444876363368e-20
2.56250000000000000e+00 5.267087088003e-20
2.60000000000000009e+00 5.097560770000e-20
2.62500000000000000e+00 4.951796116588e-20
2.65000000000000036e+00 4.811522451524e-20
2.67500000000000027e+00 4.676484019843e-20
2.70000000000000018e+00 4.546439215091e-20
2.72500000000000009e+00 4.421159675171e-20
2.75000000000000000e+00 4.300429443585e-20
2.79999999999999982e+00 4.071810490983e-20
2.84999999999999964e+00 3.859074577914e-20
2.89999999999999991e+00 3.660867965983e-20
2.95000000000000018e+00 3.475972917712e-20
3.00000000000000000e+00 3.303292030000e-20
3.12500000000000000e+00 3.168131606639e-20
3.25000000000000000e+00 3.043483856813e-20
3.37500000000000000e+00 2.928172279439e-20
3.50000000000000000e+00 2.821189330000e-20
4.25000000000000000e+00 2.861866834793e-20
5.00000000000000000e+00 2.896351780000e-20
5.50000000000000000e+00 2.973902880000e-20
6.00000000000000000e+00 3.093136230000e-20
6.50000000000000000e+00 3.158541707685e-20
7.00000000000000000e+00 3.220327980000e-20
7.75000000000000000e+00 3.268222739474e-20
8.50000000000000000e+00 3.312303280041e-20
1.00000000000000000e+01 3.391299390000e-20
1.25000000000000000e+01 3.342583366409e-20
1.50000000000000000e+01 3.303292030000e-20
1.62500000000000000e+01 3.255313292535e-20
1.75000000000000000e+01 3.211512582877e-20
2.00000000000000000e+01 3.134070800000e-20
2.12500000000000000e+01 3.043011855402e-20
2.25000000000000000e+01 2.959583301527e-20
2.37500000000000000e+01 2.882772528924e-20
2.50000000000000000e+01 2.811745827632e-20
2.62500000000000000e+01 2.745809672822e-20
2.75000000000000000e+01 2.684381785171e-20
2.87500000000000000e+01 2.626969176320e-20
3.00000000000000000e+01 2.573151270000e-20
3.12500000000000000e+01 2.469851077851e-20
3.25000000000000000e+01 2.374511128533e-20
3.37500000000000000e+01 2.286245931783e-20
3.50000000000000000e+01 2.204296602666e-20
3.62500000000000000e+01 2.128009018668e-20
3.75000000000000000e+01 2.056816347729e-20
3.87500000000000000e+01 1.990224959763e-20
4.00000000000000000e+01 1.927802981209e-20
4.12500000000000000e+01 1.869170931711e-20
4.25000000000000000e+01 1.813994014050e-20
4.37500000000000000e+01 1.761975726526e-20
4.50000000000000000e+01 1.712852540540e-20
4.62500000000000000e+01 1.666389441742e-20
4.75000000000000000e+01 1.622376175601e-20
4.87500000000000000e+01 1.580624070906e-20
5.00000000000000000e+01 1.540963340000e-20
5.12500000000000000e+01 1.504240103106e-20
5.25000000000000000e+01 1.469245783083e-20
5.37500000000000000e+01 1.435860658685e-20
5.50000000000000000e+01 1.403975832106e-20
5.75000000000000000e+01 1.344318570014e-20
6.00000000000000000e+01 1.289577493863e-20
6.25000000000000000e+01 1.239166947315e-20
6.50000000000000000e+01 1.192590893188e-20
6.75000000000000000e+01 1.149426387049e-20
7.00000000000000000e+01 1.109310580000e-20
7.37500000000000000e+01 1.083998662858e-20
7.75000000000000000e+01 1.060477879724e-20
8.12500000000000000e+01 1.038543625898e-20
8.50000000000000000e+01 1.018022769825e-20
8.87500000000000000e+01 9.987676720859e-21
9.25000000000000000e+01 9.806515398348e-21
1.00000000000000000e+02 9.474120910000e-21
1.06250000000000000e+02 9.326301286427e-21
1.12500000000000000e+02 9.189045974092e-21
1.25000000000000000e+02 8.941313328501e-21
1.37500000000000000e+02 8.722969880762e-21
1.50000000000000000e+02 8.528296580000e-21
1.62500000000000000e+02 8.282350063051e-21
1.75000000000000000e+02 8.060966962784e-21
1.87500000000000000e+02 7.860186257751e-21
2.00000000000000000e+02 7.676897870000e-21
2.12500000000000000e+02 7.512686981230e-21
2.25000000000000000e+02 7.361083083396e-21
2.37500000000000000e+02 7.220494676244e-21
2.50000000000000000e+02 7.089601909751e-21
2.62500000000000000e+02 6.967299308079e-21
2.75000000000000000e+02 6.852652658001e-21
3.00000000000000000e+02 6.643256600000e-21
3.12500000000000000e+02 6.511962223444e-21
3.25000000000000000e+02 6.388262766394e-21
3.50000000000000000e+02 6.160909634781e-21
3.75000000000000000e+02 5.956527750491e-21
4.00000000000000000e+02 5.771483312963e-21
4.25000000000000000e+02 5.602900260792e-21
4.50000000000000000e+02 5.448468415685e-21
4.75000000000000000e+02 5.306307860228e-21
5.00000000000000000e+02 5.174871050000e-21
5.25000000000000000e+02 5.038583285494e-21
5.50000000000000000e+02 4.911980899364e-21
5.75000000000000000e+02 4.793980368829e-21
6.00000000000000000e+02 4.683659886407e-21
6.25000000000000000e+02 4.580229666927e-21
6.50000000000000000e+02 4.483008647794e-21
6.75000000000000000e+02 4.391406018423e-21
7.00000000000000000e+02 4.304906440000e-21
7.37500000000000000e+02 4.174437102421e-21
7.75000000000000000e+02 4.054106663632e-21
8.12500000000000000e+02 3.942691328931e-21
8.50000000000000000e+02 3.839162953012e-21
8.87500000000000000e+02 3.742650750687e-21
9.25000000000000000e+02 3.652411760859e-21
9.62500000000000000e+02 3.567807797284e-21
1.00000000000000000e+03 3.488287270000e-21
