# energy_min_eV = 0
# energy_max_eV = 1000
# outside_energy_range = error
# e + N2, J=0->4; elmolcs iaa* (Itikawa/Kutz-Meyer); canonical rigid-rotor threshold.
# Energy (eV), cross section (m^2); linear interpolation
4.95440856939068173e-03 0.000000000000e+00
4.95441041357922059e-03 1.857798463261e-26
4.95441225776776031e-03 2.627323294221e-26
4.95441410195629917e-03 3.217800131076e-26
4.95441594614483803e-03 3.715594852147e-26
4.95441779033337689e-03 4.154160559921e-26
4.95441963452191575e-03 4.550654045351e-26
4.95442147871045461e-03 4.915267231179e-26
4.95442332289899347e-03 5.254640720154e-26
4.95442516708753233e-03 5.573387091568e-26
4.95442701127607119e-03 5.874864736962e-26
4.95443069965314977e-03 6.435589482030e-26
4.95443438803022836e-03 6.951228525028e-26
4.95443807640730607e-03 7.431173107513e-26
4.95444176478438379e-03 7.881946410809e-26
4.95444545316146238e-03 8.308297925322e-26
4.95444914153854096e-03 8.713813133833e-26
4.95445282991561868e-03 9.101277600845e-26
4.95446020666977498e-03 9.830496040852e-26
4.95446758342393129e-03 1.050923449833e-25
4.95447496017808759e-03 1.114671817005e-25
4.95448233693224389e-03 1.174966387071e-25
4.95448971368640020e-03 1.232314225665e-25
4.95449709044055650e-03 1.287109272638e-25
4.95450446719471280e-03 1.339664807911e-25
4.95451184394886911e-03 1.390234837828e-25
4.95452659745718171e-03 1.486221344404e-25
4.95454135096549432e-03 1.576373439411e-25
4.95455610447380693e-03 1.661641029851e-25
4.95457085798211953e-03 1.742741219855e-25
4.95458561149043127e-03 1.820231128833e-25
4.95460036499874301e-03 1.894553805277e-25
4.95461511850705562e-03 1.966068471738e-25
4.95462987201536822e-03 2.035071179540e-25
4.95464462552368083e-03 2.101809347156e-25
4.95467413254030604e-03 2.229298825003e-25
4.95470363955693039e-03 2.349880293497e-25
4.95473314657355474e-03 2.464567905281e-25
4.95476265359017995e-03 2.574149558442e-25
4.95479216060680516e-03 2.679251828835e-25
4.95482166762342951e-03 2.780382743278e-25
4.95485117464005385e-03 2.877960989965e-25
4.95488068165667907e-03 2.972336478998e-25
4.95493969568992863e-03 3.152620146157e-25
4.95499870972317819e-03 3.323133630293e-25
4.95505772375642861e-03 3.485311200139e-25
4.95511673778967817e-03 3.640267146510e-25
4.95517575182292773e-03 3.788887611711e-25
4.95523476585617816e-03 3.931891080818e-25
4.95529377988942771e-03 4.069869692090e-25
4.95535279392267727e-03 4.203318314457e-25
4.95547082198917639e-03 4.458239231939e-25
4.95558885005567551e-03 4.699340812133e-25
4.95570687812217463e-03 4.928651531433e-25
4.95582490618867461e-03 5.147747333144e-25
4.95594293425517460e-03 5.357881497276e-25
4.95606096232167372e-03 5.560070190626e-25
4.95617899038817283e-03 5.755150890369e-25
4.95629701845467195e-03 5.943823507225e-25
4.95653307458767019e-03 6.304226736648e-25
4.95676913072066929e-03 6.645080223057e-25
4.95700518685366839e-03 6.969252988409e-25
4.95724124298666663e-03 7.278974030995e-25
4.95747729911966487e-03 7.576015998745e-25
4.95771335525266397e-03 7.861816182317e-25
4.95794941138566307e-03 8.137559143735e-25
4.95818546751866131e-03 8.404234877309e-25
4.95865757978465865e-03 8.913612847171e-25
4.95912969205065599e-03 9.395325673608e-25
4.95960180431665419e-03 9.853431682636e-25
4.96007391658265153e-03 1.029108394205e-24
4.96054602884864887e-03 1.071079004212e-24
4.96101814111464708e-03 1.111458322545e-24
4.96149025338064441e-03 1.150413925632e-24
4.96196236564664175e-03 1.188085868382e-24
4.96290659017863643e-03 1.260035479260e-24
4.96385081471063198e-03 1.328067685043e-24
4.96479503924262752e-03 1.392756680136e-24
4.96573926377462220e-03 1.454548599816e-24
4.96668348830661688e-03 1.513798266519e-24
4.96762771283861242e-03 1.570793396880e-24
4.96857193737060797e-03 1.625771133720e-24
4.96951616190260265e-03 1.678929683004e-24
4.97140461096659287e-03 1.780435589454e-24
4.97329306003058309e-03 1.876387546050e-24
4.97518150909457245e-03 1.967598330064e-24
4.97706995815856267e-03 2.054699512800e-24
4.97895840722255290e-03 2.138193448686e-24
4.98084685628654225e-03 2.218487525109e-24
4.98273530535053247e-03 2.295917554032e-24
4.98462375441452270e-03 2.370764238156e-24
4.98840065254250314e-03 2.513623086028e-24
4.99217755067048272e-03 2.648588895618e-24
4.99595444879846230e-03 2.776813250047e-24
4.99973134692644275e-03 2.899191174949e-24
5.00350824505442320e-03 3.016434724626e-24
5.00728514318240277e-03 3.129121463875e-24
5.01106204131038235e-03 3.237727582422e-24
5.01483893943836280e-03 3.342651207271e-24
5.02239273569432283e-03 3.542749805356e-24
5.02994653195028285e-03 3.731581050070e-24
5.03750032820624374e-03 3.910779789085e-24
5.04505412446220377e-03 4.081617199575e-24
5.05260792071816379e-03 4.245105033111e-24
5.06016171697412469e-03 4.402064308609e-24
5.06771551323008471e-03 4.553172239596e-24
5.07526930948604474e-03 4.698995276379e-24
5.09037690199796479e-03 4.976635646491e-24
5.10548449450988571e-03 5.238067375101e-24
5.12059208702180663e-03 5.485621179861e-24
5.13569967953372668e-03 5.721111004662e-24
5.15080727204564673e-03 5.945981958599e-24
5.16591486455756765e-03 6.161407836200e-24
5.18102245706948857e-03 6.368357761742e-24
5.19613004958140862e-03 6.567643131394e-24
5.22634523460524959e-03 6.945871850540e-24
5.25656041962909056e-03 7.300518882430e-24
5.28677560465293152e-03 7.634937087952e-24
5.31699078967677249e-03 7.951741034889e-24
5.34720597470061346e-03 8.253017733821e-24
5.37742115972445443e-03 8.540465661195e-24
5.40763634474829540e-03 8.815489840845e-24
5.43785152977213637e-03 9.079268869722e-24
5.46806671479597734e-03 9.332803398792e-24
5.49828189981981831e-03 9.576951987272e-24
5.55871226986750025e-03 1.003997102359e-23
5.61914263991518219e-03 1.047323554436e-23
5.67957300996286326e-03 1.088058726362e-23
5.74000338001054433e-03 1.126510278875e-23
5.80043375005822627e-03 1.162929370791e-23
5.86086412010590821e-03 1.197524369164e-23
5.92129449015359015e-03 1.230470532532e-23
5.98172486020127209e-03 1.261917028705e-23
6.04215523024895403e-03 1.291992135179e-23
6.16301597034431790e-03 1.348459502252e-23
6.28387671043968178e-03 1.400609505148e-23
6.40473745053504479e-03 1.449020440559e-23
6.52559819063040780e-03 1.494156423646e-23
6.64645893072577168e-03 1.536396855464e-23
6.76731967082113556e-03 1.576056702058e-23
6.88818041091649944e-03 1.613400878945e-23
7.00904115101186331e-03 1.648654720246e-23
7.12990189110722632e-03 1.682011768724e-23
7.37162337129795321e-03 1.743684806032e-23
7.61334485148868010e-03 1.799526075371e-23
7.85506633167940699e-03 1.850398411886e-23
8.09678781187013474e-03 1.896989161263e-23
8.33850929206086250e-03 1.939855416015e-23
8.58023077225159025e-03 1.979455293561e-23
8.82195225244231628e-03 2.016170204197e-23
9.06367373263304230e-03 2.050321100653e-23
9.30539521282377005e-03 2.082180588969e-23
9.78883817320522556e-03 2.139927085664e-23
1.02722811335866793e-02 2.190924664194e-23
1.07557240939681331e-02 2.236327203068e-23
1.12391670543495886e-02 2.277032153044e-23
1.17226100147310424e-02 2.313749881151e-23
1.22060529751124962e-02 2.347051150471e-23
1.26894959354939517e-02 2.377400534785e-23
1.36563818562568592e-02 2.430709043636e-23
1.46232677770197685e-02 2.476038148923e-23
1.55901536977826778e-02 2.515073563334e-23
1.65570396185455854e-02 2.549052774916e-23
1.75239255393084964e-02 2.578906071528e-23
1.84908114600714039e-02 2.605347039360e-23
2.04245833015972225e-02 2.650104117866e-23
2.23583551431230411e-02 2.686555862715e-23
2.42921269846488597e-02 2.716825685723e-23
2.62258988261746748e-02 2.742367779819e-23
2.81596706677004933e-02 2.764212224247e-23
3.20272143507521270e-02 2.799619311086e-23
3.58947580338037642e-02 2.827086014475e-23
3.97623017168554013e-02 2.849016997085e-23
4.36298453999070385e-02 2.866934076242e-23
5.13649327660103058e-02 2.894455018363e-23
5.91000201321135732e-02 2.914605278819e-23
6.68351074982168475e-02 2.929997228733e-23
8.23052822304233822e-02 2.951961488202e-23
9.77754569626299308e-02 2.966881751810e-23
1.28715806427043000e-01 2.985854163507e-23
1.59656155891456097e-01 2.997413818903e-23
1.90596505355869167e-01 3.005195263501e-23
2.52477204284695333e-01 3.015007830603e-23
3.76238602142347667e-01 3.024917149725e-23
5.00000000000000000e-01 3.029908590000e-23
5.12499999999999956e-01 3.267096092377e-23
5.25000000000000022e-01 3.516448182176e-23
5.37500000000000089e-01 3.778276276549e-23
5.50000000000000044e-01 4.052892144546e-23
5.62500000000000000e-01 4.340607899301e-23
5.74999999999999956e-01 4.641735990565e-23
5.87499999999999911e-01 4.956589197566e-23
5.99999999999999978e-01 5.285480622166e-23
6.12500000000000044e-01 5.628723682310e-23
6.25000000000000000e-01 5.986632105737e-23
6.37499999999999956e-01 6.359519923949e-23
6.49999999999999911e-01 6.747701466405e-23
6.62499999999999867e-01 7.151491354950e-23
6.74999999999999933e-01 7.571204498447e-23
6.87500000000000000e-01 8.007156087605e-23
6.99999999999999956e-01 8.459661590000e-23
7.09374999999999978e-01 8.951134332506e-23
7.18750000000000000e-01 9.464134214852e-23
7.28124999999999911e-01 9.999304587608e-23
7.37499999999999933e-01 1.055729930983e-22
7.46874999999999956e-01 1.113878278198e-22
7.56249999999999867e-01 1.174442997851e-22
7.65624999999999889e-01 1.237492648018e-22
7.74999999999999911e-01 1.303096850599e-22
7.84374999999999933e-01 1.371326294490e-22
7.93749999999999956e-01 1.442252738718e-22
8.03124999999999978e-01 1.515949015555e-22
8.12500000000000000e-01 1.592489033596e-22
8.21875000000000022e-01 1.671947780814e-22
8.31250000000000044e-01 1.754401327589e-22
8.40624999999999956e-01 1.839926829707e-22
8.49999999999999978e-01 1.928602531335e-22
8.59375000000000000e-01 2.020507767973e-22
8.68749999999999911e-01 2.115722969374e-22
8.78124999999999933e-01 2.214329662450e-22
8.87499999999999956e-01 2.316410474143e-22
8.96874999999999978e-01 2.422049134282e-22
9.06250000000000000e-01 2.531330478412e-22
9.15625000000000022e-01 2.644340450598e-22
9.25000000000000044e-01 2.761166106214e-22
9.34375000000000067e-01 2.881895614705e-22
9.43750000000000089e-01 3.006618262328e-22
9.53125000000000000e-01 3.135424454874e-22
9.62500000000000022e-01 3.268405720367e-22
9.71875000000000044e-01 3.405654711746e-22
9.81249999999999956e-01 3.547265209522e-22
9.90624999999999978e-01 3.693332124420e-22
1.00000000000000000e+00 3.843951500000e-22
1.00781250000000000e+00 4.015694727589e-22
1.01562500000000000e+00 4.193694886964e-22
1.02343750000000000e+00 4.378129134549e-22
1.03125000000000000e+00 4.569178226767e-22
1.03906250000000000e+00 4.767026564865e-22
1.04687500000000000e+00 4.971862239950e-22
1.05468750000000000e+00 5.183877078234e-22
1.06250000000000000e+00 5.403266686487e-22
1.07031250000000000e+00 5.630230497701e-22
1.07812500000000000e+00 5.864971816965e-22
1.08593750000000000e+00 6.107697867541e-22
1.09375000000000000e+00 6.358619837150e-22
1.10156250000000000e+00 6.617952924471e-22
1.10937500000000000e+00 6.885916385833e-22
1.11718750000000000e+00 7.162733582125e-22
1.12500000000000000e+00 7.448632025902e-22
1.13281250000000000e+00 7.743843428703e-22
1.14062500000000000e+00 8.048603748563e-22
1.14843750000000000e+00 8.363153237738e-22
1.15625000000000000e+00 8.687736490625e-22
1.16406250000000000e+00 9.022602491891e-22
1.17187500000000000e+00 9.368004664797e-22
1.17968750000000000e+00 9.724200919727e-22
1.18750000000000000e+00 1.009145370292e-21
1.19531250000000000e+00 1.047003004538e-21
1.20312500000000000e+00 1.086020161205e-21
1.21093750000000000e+00 1.126224475107e-21
1.21875000000000000e+00 1.167644054337e-21
1.22656250000000000e+00 1.210307485236e-21
1.23437500000000000e+00 1.254243837383e-21
1.24218750000000000e+00 1.299482668612e-21
1.25000000000000000e+00 1.346054030040e-21
1.25781250000000000e+00 1.393988471118e-21
1.26562500000000000e+00 1.443317044704e-21
1.28125000000000000e+00 1.546283348411e-21
1.29687500000000000e+00 1.655211626035e-21
1.31250000000000000e+00 1.770368944723e-21
1.32812500000000000e+00 1.892030919564e-21
1.34375000000000000e+00 2.020481880503e-21
1.35937500000000000e+00 2.156015040461e-21
1.37500000000000000e+00 2.298932664691e-21
1.39062500000000000e+00 2.449546241335e-21
1.40625000000000000e+00 2.608176653204e-21
1.42187500000000000e+00 2.775154350745e-21
1.43750000000000000e+00 2.950819526222e-21
1.45312500000000000e+00 3.135522289079e-21
1.46875000000000000e+00 3.329622842495e-21
1.48437500000000000e+00 3.533491661121e-21
1.50000000000000000e+00 3.747509670000e-21
1.50937499999999991e+00 3.922372986540e-21
1.51875000000000004e+00 4.104236226503e-21
1.52812500000000018e+00 4.293333772350e-21
1.53750000000000009e+00 4.489906339059e-21
1.54687500000000000e+00 4.694201104787e-21
1.55624999999999991e+00 4.906471843389e-21
1.56562499999999982e+00 5.126979058833e-21
1.57499999999999996e+00 5.355990121518e-21
1.58437500000000009e+00 5.593779406501e-21
1.59375000000000000e+00 5.840628433663e-21
1.60312499999999991e+00 6.096826009823e-21
1.61249999999999982e+00 6.362668372812e-21
1.62187499999999973e+00 6.638459337524e-21
1.63124999999999987e+00 6.924510443967e-21
1.64062500000000000e+00 7.221141107318e-21
1.64999999999999991e+00 7.528678770000e-21
1.65937499999999982e+00 7.892081205185e-21
1.66874999999999996e+00 8.270827484552e-21
1.67812500000000009e+00 8.665473752379e-21
1.68750000000000000e+00 9.076593024137e-21
1.69687499999999991e+00 9.504775599729e-21
1.70625000000000004e+00 9.950629484454e-21
1.71562500000000018e+00 1.041478081780e-20
1.72500000000000009e+00 1.089787431021e-20
1.73437500000000000e+00 1.140057368779e-20
1.74375000000000013e+00 1.192356214532e-20
1.75312500000000027e+00 1.246754280732e-20
1.76250000000000018e+00 1.303323919763e-20
1.77187500000000009e+00 1.362139571732e-20
1.78125000000000000e+00 1.423277813125e-20
1.79062499999999991e+00 1.486817406323e-20
1.80000000000000004e+00 1.552839350000e-20
1.80624999999999991e+00 1.608969984070e-20
1.81250000000000000e+00 1.666925077616e-20
1.81875000000000009e+00 1.726757331924e-20
1.82500000000000018e+00 1.788520781273e-20
1.83125000000000027e+00 1.852270821890e-20
1.83750000000000013e+00 1.918064241442e-20
1.84375000000000000e+00 1.985959249052e-20
1.85000000000000009e+00 2.056015505864e-20
1.85625000000000018e+00 2.128294156157e-20
1.86250000000000004e+00 2.202857859013e-20
1.86874999999999991e+00 2.279770820558e-20
1.87500000000000000e+00 2.359098826768e-20
1.88125000000000009e+00 2.440909276869e-20
1.88749999999999996e+00 2.525271217316e-20
1.89374999999999982e+00 2.612255376377e-20
1.89999999999999991e+00 2.701934199329e-20
1.90625000000000000e+00 2.794381884261e-20
1.91249999999999987e+00 2.889674418509e-20
1.91874999999999973e+00 2.987889615720e-20
1.92499999999999982e+00 3.089107153566e-20
1.93750000000000000e+00 3.300877512788e-20
1.94999999999999996e+00 3.525661672311e-20
1.96249999999999991e+00 3.764168157283e-20
1.97500000000000009e+00 4.017139167107e-20
1.98750000000000004e+00 4.285351945985e-20
2.00000000000000000e+00 4.569620200000e-20
2.00937499999999991e+00 4.777486256103e-20
2.01874999999999982e+00 4.993773587633e-20
2.02812500000000018e+00 5.218781859207e-20
2.03750000000000009e+00 5.452819935676e-20
2.04687500000000000e+00 5.696206120086e-20
2.05625000000000036e+00 5.949268396652e-20
2.06562500000000027e+00 6.212344678841e-20
2.07500000000000018e+00 6.485783062618e-20
2.08437500000000009e+00 6.769942084965e-20
2.09375000000000000e+00 7.065190987750e-20
2.10312499999999991e+00 7.371909987018e-20
2.11249999999999982e+00 7.690490547815e-20
2.12187499999999973e+00 8.021335664611e-20
2.13124999999999964e+00 8.364860147425e-20
2.14062500000000000e+00 8.721490913735e-20
2.14999999999999991e+00 9.091667286260e-20
2.15937499999999982e+00 9.475841296719e-20
2.16875000000000018e+00 9.874477995644e-20
2.17812500000000009e+00 1.028805576835e-19
2.18750000000000000e+00 1.071706665717e-19
2.19687499999999991e+00 1.116201668999e-19
2.20624999999999982e+00 1.162342621528e-19
2.21562499999999973e+00 1.210183024366e-19
2.22499999999999964e+00 1.259777879606e-19
2.23437499999999956e+00 1.311183725863e-19
2.24374999999999947e+00 1.364458674456e-19
2.25312499999999982e+00 1.419662446277e-19
2.26249999999999973e+00 1.476856409363e-19
2.27187499999999964e+00 1.536103617192e-19
2.28125000000000000e+00 1.597468847698e-19
2.29062499999999991e+00 1.661018643018e-19
2.29999999999999982e+00 1.726821350000e-19
2.31874999999999964e+00 1.670560158901e-19
2.33749999999999991e+00 1.616563078556e-19
2.35625000000000018e+00 1.564721920111e-19
2.37500000000000000e+00 1.514934467587e-19
2.39374999999999982e+00 1.467104104474e-19
2.41250000000000009e+00 1.421139466358e-19
2.43125000000000036e+00 1.376954117589e-19
2.45000000000000018e+00 1.334466250135e-19
2.46875000000000000e+00 1.293598402963e-19
2.48750000000000027e+00 1.254277200402e-19
2.50625000000000053e+00 1.216433108071e-19
2.52500000000000036e+00 1.180000205066e-19
2.54375000000000018e+00 1.144915971227e-19
2.56250000000000000e+00 1.111121088374e-19
2.58124999999999982e+00 1.078559254499e-19
2.60000000000000009e+00 1.047177010000e-19
2.62500000000000000e+00 9.898166660430e-20
2.65000000000000036e+00 9.360979414350e-20
2.67500000000000027e+00 8.857585027770e-20
2.70000000000000018e+00 8.385571169608e-20
2.72500000000000009e+00 7.942717800470e-20
2.75000000000000000e+00 7.526980272211e-20
2.77499999999999991e+00 7.136474048630e-20
2.79999999999999982e+00 6.769460878999e-20
2.82499999999999973e+00 6.424336274910e-20
2.84999999999999964e+00 6.099618157460e-20
2.87500000000000000e+00 5.793936556363e-20
2.89999999999999991e+00 5.506024255488e-20
2.92499999999999982e+00 5.234708290658e-20
2.95000000000000018e+00 4.978902215650e-20
2.97500000000000009e+00 4.737599061234e-20
3.00000000000000000e+00 4.509864920000e-20
3.03125000000000000e+00 4.353034349871e-20
3.06250000000000000e+00 4.203182771196e-20
3.09375000000000000e+00 4.059933102234e-20
3.12500000000000000e+00 3.922932158092e-20
3.15625000000000000e+00 3.791848917434e-20
3.18750000000000000e+00 3.666372930479e-20
3.21875000000000000e+00 3.546212855518e-20
3.25000000000000000e+00 3.431095112468e-20
3.28125000000000000e+00 3.320762643069e-20
3.31250000000000000e+00 3.214973768386e-20
3.34375000000000000e+00 3.113501135128e-20
3.37500000000000000e+00 3.016130743147e-20
3.40625000000000000e+00 2.922661047176e-20
3.43750000000000000e+00 2.832902126520e-20
3.46875000000000000e+00 2.746674917003e-20
3.50000000000000000e+00 2.663810500000e-20
3.56250000000000000e+00 2.563502428874e-20
3.62500000000000000e+00 2.468618437827e-20
3.68750000000000000e+00 2.378779162148e-20
3.75000000000000000e+00 2.293637590528e-20
3.81250000000000000e+00 2.212875825623e-20
3.87500000000000000e+00 2.136202215516e-20
3.93750000000000000e+00 2.063348808458e-20
4.00000000000000000e+00 1.994069090000e-20
4.12500000000000000e+00 1.916011278394e-20
4.25000000000000000e+00 1.843204143518e-20
4.37500000000000000e+00 1.775155236849e-20
4.50000000000000000e+00 1.711430633047e-20
4.62500000000000000e+00 1.651646587721e-20
4.75000000000000000e+00 1.595462571724e-20
4.87500000000000000e+00 1.542575425501e-20
5.00000000000000000e+00 1.492714430000e-20
5.12500000000000000e+00 1.452542164056e-20
5.25000000000000000e+00 1.414380181843e-20
5.37500000000000000e+00 1.378083548510e-20
5.50000000000000000e+00 1.343520830000e-20
5.75000000000000000e+00 1.299100544267e-20
6.00000000000000000e+00 1.257946920000e-20
6.25000000000000000e+00 1.223353919739e-20
6.50000000000000000e+00 1.191013496005e-20
6.75000000000000000e+00 1.160700538826e-20
7.00000000000000000e+00 1.132219710000e-20
7.37500000000000000e+00 1.097866425223e-20
7.75000000000000000e+00 1.066182960858e-20
8.12500000000000000e+00 1.036847110181e-20
8.50000000000000000e+00 1.009588165823e-20
8.87500000000000000e+00 9.841768439531e-21
9.25000000000000000e+00 9.604175112017e-21
9.62500000000000000e+00 9.381421182465e-21
1.00000000000000000e+01 9.172054150000e-21
1.06250000000000000e+01 8.940379533115e-21
1.12500000000000000e+01 8.727306136525e-21
1.18750000000000000e+01 8.530425949461e-21
1.25000000000000000e+01 8.347749090819e-21
1.31250000000000000e+01 8.177614509650e-21
1.37500000000000000e+01 8.018622994874e-21
1.43750000000000000e+01 7.869586183110e-21
1.50000000000000000e+01 7.729487230000e-21
1.75000000000000000e+01 7.839319907186e-21
2.00000000000000000e+01 7.935700230000e-21
2.12500000000000000e+01 8.687662431007e-21
2.25000000000000000e+01 9.461771700001e-21
2.37500000000000000e+01 1.025739513329e-20
2.50000000000000000e+01 1.107395076202e-20
2.62500000000000000e+01 1.191090107493e-20
2.75000000000000000e+01 1.276774763823e-20
2.87500000000000000e+01 1.364402658481e-20
3.00000000000000000e+01 1.453930480000e-20
3.50000000000000000e+01 1.431015608464e-20
4.00000000000000000e+01 1.411456035784e-20
4.50000000000000000e+01 1.394424013270e-20
5.00000000000000000e+01 1.379361680000e-20
5.25000000000000000e+01 1.342991841015e-20
5.50000000000000000e+01 1.309207555788e-20
5.75000000000000000e+01 1.277719521329e-20
6.00000000000000000e+01 1.248281617588e-20
6.25000000000000000e+01 1.220682977985e-20
6.50000000000000000e+01 1.194741767328e-20
6.75000000000000000e+01 1.170300249388e-20
7.00000000000000000e+01 1.147220840000e-20
7.18750000000000000e+01 1.117399396036e-20
7.37500000000000000e+01 1.089091618958e-20
7.56250000000000000e+01 1.062185054076e-20
7.75000000000000000e+01 1.036578119870e-20
7.93750000000000000e+01 1.012178824650e-20
8.12500000000000000e+01 9.889036608121e-21
8.31250000000000000e+01 9.666766486601e-21
8.50000000000000000e+01 9.454285066992e-21
8.87500000000000000e+01 9.056209559681e-21
9.25000000000000000e+01 8.690354564038e-21
9.62500000000000000e+01 8.352958339548e-21
1.00000000000000000e+02 8.040822930000e-21
1.03125000000000000e+02 7.695054129007e-21
1.06250000000000000e+02 7.373823732039e-21
1.09375000000000000e+02 7.074743072942e-21
1.12500000000000000e+02 6.795715529872e-21
1.15625000000000000e+02 6.534893933299e-21
1.18750000000000000e+02 6.290645137315e-21
1.21875000000000000e+02 6.061520397621e-21
1.25000000000000000e+02 5.846230483790e-21
1.28125000000000000e+02 5.643624672708e-21
1.31250000000000000e+02 5.452672940339e-21
1.34375000000000000e+02 5.272450802153e-21
1.37500000000000000e+02 5.102126357277e-21
1.40625000000000000e+02 4.940949174400e-21
1.43750000000000000e+02 4.788240723411e-21
1.46875000000000000e+02 4.643386109636e-21
1.50000000000000000e+02 4.505826910000e-21
1.53125000000000000e+02 4.384220840702e-21
1.56250000000000000e+02 4.268255372152e-21
1.59375000000000000e+02 4.157563745443e-21
1.62500000000000000e+02 4.051809621902e-21
1.65625000000000000e+02 3.950684035258e-21
1.68750000000000000e+02 3.853902699797e-21
1.71875000000000000e+02 3.761203627228e-21
1.75000000000000000e+02 3.672345012001e-21
1.81250000000000000e+02 3.505271765708e-21
1.87500000000000000e+02 3.351085621361e-21
1.93750000000000000e+02 3.208410985039e-21
2.00000000000000000e+02 3.076057290000e-21
2.06250000000000000e+02 2.997194644202e-21
2.12500000000000000e+02 2.922619130645e-21
2.18750000000000000e+02 2.851981596931e-21
2.25000000000000000e+02 2.784970255082e-21
2.31250000000000000e+02 2.721305779232e-21
2.37500000000000000e+02 2.660737158845e-21
2.43750000000000000e+02 2.603038174586e-21
2.50000000000000000e+02 2.548004390103e-21
2.62500000000000000e+02 2.445208477876e-21
2.75000000000000000e+02 2.351060142962e-21
2.87500000000000000e+02 2.264486345079e-21
3.00000000000000000e+02 2.184586490000e-21
3.12500000000000000e+02 2.116725077453e-21
3.25000000000000000e+02 2.053511997032e-21
3.37500000000000000e+02 1.994467781594e-21
3.50000000000000000e+02 1.939177843188e-21
3.62500000000000000e+02 1.887281751371e-21
3.75000000000000000e+02 1.838464582892e-21
3.87500000000000000e+02 1.792449888442e-21
4.00000000000000000e+02 1.748993932939e-21
4.12500000000000000e+02 1.707880947019e-21
4.25000000000000000e+02 1.668919187590e-21
4.37500000000000000e+02 1.631937650365e-21
4.50000000000000000e+02 1.596783311295e-21
4.62500000000000000e+02 1.563318799780e-21
4.75000000000000000e+02 1.531420426467e-21
5.00000000000000000e+02 1.471885910000e-21
5.25000000000000000e+02 1.422177259846e-21
5.50000000000000000e+02 1.376345721496e-21
5.75000000000000000e+02 1.333932422290e-21
6.00000000000000000e+02 1.294549766445e-21
6.25000000000000000e+02 1.257867939997e-21
6.50000000000000000e+02 1.223604394190e-21
6.75000000000000000e+02 1.191515563464e-21
7.00000000000000000e+02 1.161390280000e-21
7.37500000000000000e+02 1.121820209872e-21
7.75000000000000000e+02 1.085463359305e-21
8.12500000000000000e+02 1.051921432925e-21
8.50000000000000000e+02 1.020861021759e-21
8.87500000000000000e+02 9.920007198825e-22
9.25000000000000000e+02 9.651012208232e-22
9.62500000000000000e+02 9.399576146340e-22
1.00000000000000000e+03 9.163933320000e-22
