# e + N2, J=0->6; elmolcs iaa* (Itikawa/Kutz-Meyer); canonical rigid-rotor threshold.
# Energy (eV), cross section (m^2); linear interpolation
1.04042579957204315e-02 0.000000000000e+00
1.04042653687832672e-02 8.462318133751e-30
1.04042727418461010e-02 1.196752083273e-29
1.04042874879717688e-02 1.692461827538e-29
1.04043169802231043e-02 2.393499077934e-29
1.04043759647257789e-02 3.384909262660e-29
1.04044939337311244e-02 4.786957448489e-29
1.04047298717418191e-02 6.769703389850e-29
1.04052017477632049e-02 9.573589258584e-29
1.04061454998059799e-02 1.353848581352e-28
1.04070892518487550e-02 1.658043922864e-28
1.04080330038915300e-02 1.914457407436e-28
1.04099205079770784e-02 2.344509311688e-28
1.04118080120626268e-02 2.706960765453e-28
1.04155830202337252e-02 3.314735457357e-28
1.04193580284048237e-02 3.826833384166e-28
1.04269080447470189e-02 4.685197387691e-28
1.04344580610892142e-02 5.408042346503e-28
1.04420080774314111e-02 6.044188867411e-28
1.04495580937736064e-02 6.618684805940e-28
1.04646581264579985e-02 7.637082954390e-28
1.04797581591423890e-02 8.532364627104e-28
1.04948581918267812e-02 9.340010673473e-28
1.05099582245111733e-02 1.008111478727e-27
1.05250582571955638e-02 1.076943139490e-27
1.05552583225643464e-02 1.202335309698e-27
1.05854583879331290e-02 1.315212182810e-27
1.06156584533019117e-02 1.418569388621e-27
1.06458585186706943e-02 1.514361921940e-27
1.06760585840394769e-02 1.603949952804e-27
1.07062586494082596e-02 1.688325449279e-27
1.07666587801458265e-02 1.844272883346e-27
1.08270589108833935e-02 1.986478186580e-27
1.08874590416209588e-02 2.117735694588e-27
1.09478591723585240e-02 2.239993117565e-27
1.10082593030960893e-02 2.354673547092e-27
1.10686594338336546e-02 2.462855095242e-27
1.11290595645712215e-02 2.565378318588e-27
1.12498598260463538e-02 2.756008118882e-27
1.13706600875214843e-02 2.930604304555e-27
1.14914603489966165e-02 3.091994206221e-27
1.16122606104717488e-02 3.242251062006e-27
1.17330608719468793e-02 3.382951011752e-27
1.18538611334220115e-02 3.515327030427e-27
1.19746613948971438e-02 3.640366284252e-27
1.20954616563722743e-02 3.758874462053e-27
1.22162619178474065e-02 3.871519847025e-27
1.23370621793225388e-02 3.978864437573e-27
1.25786627022728033e-02 4.179497260604e-27
1.28202632252230660e-02 4.363867492715e-27
1.30618637481733288e-02 4.534336994396e-27
1.33034642711235933e-02 4.692759259007e-27
1.35450647940738578e-02 4.840621871323e-27
1.37866653170241205e-02 4.979141029456e-27
1.40282658399743833e-02 5.109326567215e-27
1.42698663629246478e-02 5.232028058330e-27
1.45114668858749123e-02 5.347968359237e-27
1.47530674088251750e-02 5.457768559752e-27
1.52362684547257023e-02 5.661033381517e-27
1.57194695006262278e-02 5.845375617932e-27
1.62026705465267568e-02 6.013569660362e-27
1.66858715924272857e-02 6.167827960928e-27
1.71690726383278112e-02 6.309945710413e-27
1.76522736842283368e-02 6.441400865097e-27
1.81354747301288657e-02 6.563425362178e-27
1.86186757760293947e-02 6.677057095810e-27
1.91018768219299202e-02 6.783178665304e-27
2.00682789137309747e-02 6.975815048441e-27
2.10346810055320292e-02 7.146253190756e-27
2.20010830973330837e-02 7.298247951160e-27
2.29674851891341382e-02 7.434726132011e-27
2.39338872809351927e-02 7.558009245595e-27
2.49002893727362472e-02 7.669966270929e-27
2.58666914645373017e-02 7.772121327226e-27
2.77994956481394107e-02 7.951843347857e-27
2.97322998317415162e-02 8.104957980782e-27
3.16651040153436217e-02 8.237034834264e-27
3.35979081989457307e-02 8.352173800208e-27
3.55307123825478396e-02 8.453464595972e-27
3.74635165661499486e-02 8.543282493344e-27
4.13291249333541666e-02 8.695546980236e-27
4.51947333005583846e-02 8.819771995537e-27
4.90603416677626025e-02 8.923078900008e-27
5.29259500349668205e-02 9.010357625705e-27
5.67915584021710315e-02 9.085079819254e-27
6.45227751365794605e-02 9.206350732025e-27
7.22539918709878964e-02 9.300559719376e-27
7.99852086053963185e-02 9.375866803478e-27
8.77164253398047544e-02 9.437447588872e-27
1.03178858808621626e-01 9.532137055940e-27
1.18641292277438498e-01 9.601544493134e-27
1.34103725746255370e-01 9.654606655034e-27
1.65028592683889086e-01 9.730393753471e-27
1.95953459621522830e-01 9.781921387470e-27
2.57803193496790317e-01 9.847497017187e-27
3.19652927372057749e-01 9.887481133441e-27
3.81502661247325237e-01 9.914409388816e-27
5.05202128997860211e-01 9.948381154437e-27
7.52601064498930050e-01 9.982704543626e-27
1.00000000000000000e+00 1.000000000000e-26
1.00390625000000000e+00 1.037540058370e-26
1.00781250000000000e+00 1.076335233560e-26
1.01171875000000000e+00 1.116422376230e-26
1.01562500000000000e+00 1.157839270042e-26
1.01953125000000000e+00 1.200624651543e-26
1.02343750000000000e+00 1.244818230391e-26
1.02734375000000000e+00 1.290460709926e-26
1.03125000000000000e+00 1.337593808100e-26
1.03515625000000000e+00 1.386260278764e-26
1.03906250000000000e+00 1.436503933314e-26
1.04296875000000000e+00 1.488369662716e-26
1.04687500000000000e+00 1.541903459889e-26
1.05078125000000000e+00 1.597152442476e-26
1.05468750000000000e+00 1.654164875999e-26
1.05859375000000000e+00 1.712990197389e-26
1.06250000000000000e+00 1.773679038925e-26
1.06640625000000000e+00 1.836283252557e-26
1.07031250000000000e+00 1.900855934643e-26
1.07421875000000000e+00 1.967451451083e-26
1.07812500000000000e+00 2.036125462875e-26
1.08203125000000000e+00 2.106934952083e-26
1.08593750000000000e+00 2.179938248235e-26
1.08984375000000000e+00 2.255195055144e-26
1.09375000000000000e+00 2.332766478166e-26
1.09765625000000000e+00 2.412715051900e-26
1.10156250000000000e+00 2.495104768325e-26
1.10937500000000000e+00 2.667471056119e-26
1.11718750000000000e+00 2.850407523092e-26
1.12500000000000000e+00 3.044481546894e-26
1.13281250000000000e+00 3.250286683532e-26
1.14062500000000000e+00 3.468443680682e-26
1.14843750000000000e+00 3.699601522788e-26
1.15625000000000000e+00 3.944438508727e-26
1.16406250000000000e+00 4.203663362830e-26
1.17187500000000000e+00 4.478016380032e-26
1.17968750000000000e+00 4.768270605982e-26
1.18750000000000000e+00 5.075233052918e-26
1.19531250000000000e+00 5.399745952144e-26
1.20312500000000000e+00 5.742688043974e-26
1.21093750000000000e+00 6.104975905973e-26
1.21875000000000000e+00 6.487565320407e-26
1.22656250000000000e+00 6.891452681767e-26
1.23437500000000000e+00 7.317676445285e-26
1.24218750000000000e+00 7.767318617354e-26
1.25000000000000000e+00 8.241506288790e-26
1.25781250000000000e+00 8.741413211888e-26
1.26562500000000000e+00 9.268261422222e-26
1.27343750000000000e+00 9.823322906181e-26
1.28125000000000000e+00 1.040792131523e-25
1.28906250000000000e+00 1.102343372791e-25
1.29687500000000000e+00 1.167129246055e-25
1.30468750000000000e+00 1.235298692788e-25
1.31250000000000000e+00 1.307006555435e-25
1.32031250000000000e+00 1.382413773749e-25
1.32812500000000000e+00 1.461687586425e-25
1.33593750000000000e+00 1.545001738138e-25
1.34375000000000000e+00 1.632536692114e-25
1.35156250000000000e+00 1.724479848333e-25
1.35937500000000000e+00 1.821025767481e-25
1.36718750000000000e+00 1.922376400777e-25
1.37500000000000000e+00 2.028741325779e-25
1.38281250000000000e+00 2.140337988306e-25
1.39062500000000000e+00 2.257391950582e-25
1.39843750000000000e+00 2.380137145735e-25
1.40625000000000000e+00 2.508816138778e-25
1.41406250000000000e+00 2.643680394185e-25
1.42187500000000000e+00 2.784990550217e-25
1.42968750000000000e+00 2.933016700095e-25
1.43750000000000000e+00 3.088038680183e-25
1.44531250000000000e+00 3.250346365295e-25
1.45312500000000000e+00 3.420239971277e-25
1.46093750000000000e+00 3.598030364984e-25
1.46875000000000000e+00 3.784039381808e-25
1.47656250000000000e+00 3.978600150896e-25
1.48437500000000000e+00 4.182057428190e-25
1.49218750000000000e+00 4.394767937446e-25
1.50000000000000000e+00 4.617100719377e-25
1.50781250000000000e+00 4.849437489068e-25
1.51562500000000000e+00 5.092173001807e-25
1.52343750000000000e+00 5.345715427504e-25
1.53125000000000000e+00 5.610486733828e-25
1.53906250000000000e+00 5.886923078242e-25
1.54687500000000000e+00 6.175475209077e-25
1.55468750000000000e+00 6.476608875824e-25
1.56250000000000000e+00 6.790805248784e-25
1.57031250000000000e+00 7.118561348265e-25
1.57812500000000000e+00 7.460390483476e-25
1.58593750000000000e+00 7.816822701297e-25
1.59375000000000000e+00 8.188405245087e-25
1.60156250000000000e+00 8.575703023717e-25
1.60937500000000000e+00 8.979299090990e-25
1.61718750000000000e+00 9.399795135629e-25
1.62500000000000000e+00 9.837811982022e-25
1.63281250000000000e+00 1.029399010189e-24
1.64062500000000000e+00 1.076899013709e-24
1.64843750000000000e+00 1.126349343368e-24
1.65625000000000000e+00 1.177820258752e-24
1.66406250000000000e+00 1.231384200152e-24
1.67187500000000000e+00 1.287115845480e-24
1.67968750000000000e+00 1.345092168388e-24
1.68750000000000000e+00 1.405392497614e-24
1.69531250000000000e+00 1.468098577577e-24
1.70312500000000000e+00 1.533294630242e-24
1.71093750000000000e+00 1.601067418259e-24
1.71875000000000000e+00 1.671506309428e-24
1.72656250000000000e+00 1.744703342479e-24
1.73437500000000000e+00 1.820753294209e-24
1.74218750000000000e+00 1.899753747986e-24
1.75000000000000000e+00 1.981805163652e-24
1.75781250000000000e+00 2.067010948834e-24
1.76562500000000000e+00 2.155477531698e-24
1.77343750000000000e+00 2.247314435155e-24
1.78125000000000000e+00 2.342634352560e-24
1.78906250000000000e+00 2.441553224903e-24
1.79687500000000000e+00 2.544190319536e-24
1.80468750000000000e+00 2.650668310452e-24
1.81250000000000000e+00 2.761113360131e-24
1.82031250000000000e+00 2.875655202994e-24
1.82812500000000000e+00 2.994427230469e-24
1.83593750000000000e+00 3.117566577719e-24
1.84375000000000000e+00 3.245214212023e-24
1.85156250000000000e+00 3.377515022872e-24
1.85937500000000000e+00 3.514617913769e-24
1.86718750000000000e+00 3.656675895793e-24
1.87500000000000000e+00 3.803846182925e-24
1.88281250000000000e+00 3.956290289171e-24
1.89062500000000000e+00 4.114174127520e-24
1.89843750000000000e+00 4.277668110745e-24
1.90625000000000000e+00 4.446947254082e-24
1.91406250000000000e+00 4.622191279820e-24
1.92187500000000000e+00 4.803584723818e-24
1.92968750000000000e+00 4.991317043983e-24
1.93750000000000000e+00 5.185582730738e-24
1.94531250000000000e+00 5.386581419501e-24
1.95312500000000000e+00 5.594518005214e-24
1.96093750000000000e+00 5.809602758942e-24
1.96875000000000000e+00 6.032051446572e-24
1.97656250000000000e+00 6.262085449646e-24
1.98437500000000000e+00 6.499931888355e-24
1.99218750000000000e+00 6.745823746720e-24
2.00000000000000000e+00 7.000000000000e-24
2.00937499999999991e+00 7.380930343510e-24
2.01874999999999982e+00 7.780670569930e-24
2.02812500000000018e+00 8.200055587896e-24
2.03750000000000009e+00 8.639953236221e-24
2.04687500000000000e+00 9.101265421398e-24
2.05625000000000036e+00 9.584929288882e-24
2.06562500000000027e+00 1.009191842898e-23
2.07500000000000018e+00 1.062324411822e-23
2.08437500000000009e+00 1.117995659705e-23
2.09375000000000000e+00 1.176314638478e-23
2.10312499999999991e+00 1.237394563269e-23
2.11249999999999982e+00 1.301352951618e-23
2.12187499999999973e+00 1.368311766693e-23
2.13124999999999964e+00 1.438397564612e-23
2.14062500000000000e+00 1.511741645952e-23
2.14999999999999991e+00 1.588480211560e-23
2.15937499999999982e+00 1.668754522763e-23
2.16875000000000018e+00 1.752711066079e-23
2.17812500000000009e+00 1.840501722541e-23
2.18750000000000000e+00 1.932283941733e-23
2.19687499999999991e+00 2.028220920658e-23
2.20624999999999982e+00 2.128481787543e-23
2.21562499999999973e+00 2.233241790703e-23
2.22499999999999964e+00 2.342682492565e-23
2.23437499999999956e+00 2.456991968995e-23
2.24374999999999947e+00 2.576365014027e-23
2.25312499999999982e+00 2.701003350123e-23
2.26249999999999973e+00 2.831115844102e-23
2.27187499999999964e+00 2.966918728843e-23
2.28125000000000000e+00 3.108635830916e-23
2.29062499999999991e+00 3.256498804250e-23
2.29999999999999982e+00 3.410747370000e-23
2.32499999999999973e+00 3.313308362086e-23
2.34999999999999964e+00 3.219650108077e-23
2.37500000000000000e+00 3.129588029428e-23
2.39999999999999991e+00 3.042948369959e-23
2.42499999999999982e+00 2.959567457288e-23
2.45000000000000018e+00 2.879291021627e-23
2.47500000000000009e+00 2.801973566944e-23
2.50000000000000000e+00 2.727477790000e-23
7.40000000000000036e+00 2.727477790000e-23
7.72500000000000053e+00 2.940380213735e-23
8.05000000000000071e+00 3.160092943892e-23
8.37500000000000000e+00 3.386545568689e-23
8.69999999999999929e+00 3.619671151808e-23
9.02499999999999858e+00 3.859405935435e-23
9.34999999999999964e+00 4.105689078617e-23
9.67500000000000071e+00 4.358462425626e-23
1.00000000000000000e+01 4.617670300000e-23
1.01562500000000000e+01 4.848719178749e-23
1.03125000000000000e+01 5.087534307008e-23
1.04687500000000000e+01 5.334253096406e-23
1.06250000000000000e+01 5.589013268348e-23
1.07812500000000000e+01 5.851952850072e-23
1.09375000000000000e+01 6.123210170810e-23
1.10937500000000000e+01 6.402923858062e-23
1.12500000000000000e+01 6.691232833957e-23
1.14062500000000000e+01 6.988276311723e-23
1.15625000000000000e+01 7.294193792234e-23
1.17187500000000000e+01 7.609125060652e-23
1.18750000000000000e+01 7.933210183156e-23
1.20312500000000000e+01 8.266589503740e-23
1.21875000000000000e+01 8.609403641106e-23
1.23437500000000000e+01 8.961793485616e-23
1.25000000000000000e+01 9.323900196326e-23
1.26562500000000000e+01 9.695865198086e-23
1.28125000000000000e+01 1.007783017871e-22
1.31250000000000000e+01 1.087232812606e-22
1.34375000000000000e+01 1.170853269652e-22
1.37500000000000000e+01 1.258758658482e-22
1.40625000000000000e+01 1.351063644223e-22
1.43750000000000000e+01 1.447883279978e-22
1.46875000000000000e+01 1.549332999474e-22
1.50000000000000000e+01 1.655528610000e-22
1.51562500000000000e+01 1.764126853746e-22
1.53125000000000000e+01 1.878624164250e-22
1.54687500000000000e+01 1.999275839257e-22
1.56250000000000000e+01 2.126345464183e-22
1.57812500000000000e+01 2.260105093349e-22
1.59375000000000000e+01 2.400835433304e-22
1.60937500000000000e+01 2.548826028232e-22
1.62500000000000000e+01 2.704375447442e-22
1.64062500000000000e+01 2.867791474953e-22
1.65625000000000000e+01 3.039391301173e-22
1.67187500000000000e+01 3.219501716663e-22
1.68750000000000000e+01 3.408459308016e-22
1.70312500000000000e+01 3.606610655822e-22
1.71875000000000000e+01 3.814312534743e-22
1.73437500000000000e+01 4.031932115697e-22
1.75000000000000000e+01 4.259847170140e-22
1.76562500000000000e+01 4.498446276471e-22
1.78125000000000000e+01 4.748129028542e-22
1.79687500000000000e+01 5.009306246288e-22
1.81250000000000000e+01 5.282400188475e-22
1.82812500000000000e+01 5.567844767566e-22
1.84375000000000000e+01 5.866085766715e-22
1.85937500000000000e+01 6.177581058884e-22
1.87500000000000000e+01 6.502800828085e-22
1.89062500000000000e+01 6.842227792760e-22
1.90625000000000000e+01 7.196357431290e-22
1.92187500000000000e+01 7.565698209631e-22
1.93750000000000000e+01 7.950771811107e-22
1.95312500000000000e+01 8.352113368320e-22
1.96875000000000000e+01 8.770271697220e-22
1.98437500000000000e+01 9.205809533311e-22
2.00000000000000000e+01 9.659303770000e-22
2.03125000000000000e+01 1.026585626839e-21
2.06250000000000000e+01 1.090035609508e-21
2.09375000000000000e+01 1.156363807795e-21
2.12500000000000000e+01 1.225654886491e-21
2.15625000000000000e+01 1.297994691108e-21
2.18750000000000000e+01 1.373470246615e-21
2.21875000000000000e+01 1.452169756197e-21
2.25000000000000000e+01 1.534182600033e-21
2.28125000000000000e+01 1.619599334090e-21
2.31250000000000000e+01 1.708511688939e-21
2.34375000000000000e+01 1.801012568582e-21
2.37500000000000000e+01 1.897196049307e-21
2.40625000000000000e+01 1.997157378544e-21
2.43750000000000000e+01 2.100992973756e-21
2.46875000000000000e+01 2.208800421328e-21
2.50000000000000000e+01 2.320678475480e-21
2.53125000000000000e+01 2.436727057197e-21
2.56250000000000000e+01 2.557047253169e-21
2.59375000000000000e+01 2.681741314745e-21
2.62500000000000000e+01 2.810912656903e-21
2.65625000000000000e+01 2.944665857231e-21
2.68750000000000000e+01 3.083106654926e-21
2.71875000000000000e+01 3.226341949799e-21
2.75000000000000000e+01 3.374479801297e-21
2.78125000000000000e+01 3.527629427536e-21
2.81250000000000000e+01 3.685901204345e-21
2.84375000000000000e+01 3.849406664322e-21
2.87500000000000000e+01 4.018258495904e-21
2.90625000000000000e+01 4.192570542442e-21
2.93750000000000000e+01 4.372457801294e-21
2.96875000000000000e+01 4.558036422920e-21
3.00000000000000000e+01 4.749423710000e-21
3.06250000000000000e+01 4.622461913185e-21
3.12500000000000000e+01 4.501357245400e-21
3.18750000000000000e+01 4.385730309799e-21
3.25000000000000000e+01 4.275233086558e-21
3.31250000000000000e+01 4.169545796584e-21
3.37500000000000000e+01 4.068374130832e-21
3.43750000000000000e+01 3.971446796739e-21
3.50000000000000000e+01 3.878513340492e-21
3.62500000000000000e+01 3.703719027138e-21
3.75000000000000000e+01 3.542335774644e-21
3.87500000000000000e+01 3.392937330759e-21
4.00000000000000000e+01 3.254288745935e-21
4.12500000000000000e+01 3.125315720162e-21
4.25000000000000000e+01 3.005079614781e-21
4.37500000000000000e+01 2.892756951043e-21
4.50000000000000000e+01 2.787622488029e-21
4.62500000000000000e+01 2.689035175527e-21
4.75000000000000000e+01 2.596426430922e-21
4.87500000000000000e+01 2.509290306067e-21
5.00000000000000000e+01 2.427175200000e-21
5.50000000000000000e+01 2.373482148237e-21
6.00000000000000000e+01 2.325500298514e-21
6.50000000000000000e+01 2.282216986911e-21
7.00000000000000000e+01 2.242860430000e-21
7.75000000000000000e+01 2.302613258995e-21
8.50000000000000000e+01 2.358217598702e-21
9.25000000000000000e+01 2.410292355435e-21
1.00000000000000000e+02 2.459322470000e-21
1.12500000000000000e+02 2.614478660628e-21
1.25000000000000000e+02 2.761545494980e-21
1.37500000000000000e+02 2.901696506068e-21
1.50000000000000000e+02 3.035845190000e-21
1.56250000000000000e+02 2.979667482291e-21
1.62500000000000000e+02 2.926672673915e-21
1.75000000000000000e+02 2.829097461764e-21
1.87500000000000000e+02 2.741183067184e-21
2.00000000000000000e+02 2.661419060000e-21
2.03125000000000000e+02 2.592666895480e-21
2.06250000000000000e+02 2.526700237605e-21
2.09375000000000000e+02 2.463366548964e-21
2.12500000000000000e+02 2.402523754660e-21
2.18750000000000000e+02 2.287789794850e-21
2.25000000000000000e+02 2.181540370592e-21
2.31250000000000000e+02 2.082937726919e-21
2.37500000000000000e+02 1.991246510939e-21
2.43750000000000000e+02 1.905818971345e-21
2.50000000000000000e+02 1.826082610738e-21
2.56250000000000000e+02 1.751529834819e-21
2.62500000000000000e+02 1.681709236005e-21
2.68750000000000000e+02 1.616218221647e-21
2.75000000000000000e+02 1.554696753799e-21
2.81250000000000000e+02 1.496822012141e-21
2.87500000000000000e+02 1.442303826919e-21
2.93750000000000000e+02 1.390880756938e-21
3.00000000000000000e+02 1.342316710000e-21
3.06250000000000000e+02 1.309211685922e-21
3.12500000000000000e+02 1.277567499482e-21
3.18750000000000000e+02 1.247292366014e-21
3.25000000000000000e+02 1.218301918418e-21
3.37500000000000000e+02 1.163870416855e-21
3.50000000000000000e+02 1.113720754695e-21
3.62500000000000000e+02 1.067380581863e-21
3.75000000000000000e+02 1.024443611757e-21
3.87500000000000000e+02 9.845585551445e-22
4.00000000000000000e+02 9.474201945678e-22
4.12500000000000000e+02 9.127621331022e-22
4.25000000000000000e+02 8.803508634941e-22
4.37500000000000000e+02 8.499808864975e-22
4.50000000000000000e+02 8.214706688880e-22
4.62500000000000000e+02 7.946592779920e-22
4.75000000000000000e+02 7.694035647202e-22
4.87500000000000000e+02 7.455757939752e-22
5.00000000000000000e+02 7.230616420000e-22
5.12500000000000000e+02 7.037663805603e-22
5.25000000000000000e+02 6.854326542101e-22
5.37500000000000000e+02 6.679913244188e-22
5.50000000000000000e+02 6.513796807158e-22
5.62500000000000000e+02 6.355407136294e-22
5.75000000000000000e+02 6.204224838646e-22
5.87500000000000000e+02 6.059775732052e-22
6.00000000000000000e+02 5.921626050740e-22
6.25000000000000000e+02 5.662667302540e-22
6.50000000000000000e+02 5.424539474755e-22
6.75000000000000000e+02 5.204858759471e-22
7.00000000000000000e+02 5.001589400000e-22
7.18750000000000000e+02 4.876341769163e-22
7.37500000000000000e+02 4.757336664904e-22
7.56250000000000000e+02 4.644115816377e-22
7.75000000000000000e+02 4.536264873332e-22
7.93750000000000000e+02 4.433408258249e-22
8.12500000000000000e+02 4.335204726766e-22
8.50000000000000000e+02 4.151541053261e-22
8.87500000000000000e+02 3.983096584926e-22
9.25000000000000000e+02 3.828043838749e-22
9.62500000000000000e+02 3.684837474297e-22
1.00000000000000000e+03 3.552161780000e-22
