# rbeq_model = elmolcs_b8643810
# rbeq_normalization = positive_part
# rbeq_target = N2
# E [eV], sigma [m^2]; linear interpolation; maximum source energy 1 GeV
# Relative interpolation target 0.0002; floor 1e-8 of peak
15.58 0
15.651 2.7961329111488911e-23
15.722000000000001 5.5931433091781923e-23
15.864000000000001 1.1188079734968656e-22
16.148 2.2370467694209889e-22
16.432000000000002 3.352373770704359e-22
16.716000000000001 4.4627804693834204e-22
16.753915219958628 4.6610831609298246e-22
16.791830439917252 4.8613298861061322e-22
16.867660879834503 5.2675139013166998e-22
16.943491319751754 5.6810547746281526e-22
17.019321759669005 6.101683104716358e-22
17.095152199586256 6.5291375628775907e-22
17.170982639503507 6.9631646358894691e-22
17.246813079420757 7.4035183779650183e-22
17.322643519338008 7.8499601713260357e-22
17.398473959255259 8.3022584951685907e-22
17.47430439917251 8.7601887025414224e-22
17.550134839089761 9.223532805030692e-22
17.625965279007012 9.6920792647967858e-22
17.701795718924263 1.0165622793815525e-21
17.777626158841514 1.0643964159857481e-21
17.929287038676019 1.1614272635588453e-21
18.031376158841518 1.2277055643218635e-21
18.133465279007012 1.2947085187567401e-21
18.235554399172511 1.3623948825460346e-21
18.337643519338009 1.4307250266344755e-21
18.541821759669006 1.5691658254126367e-21
18.745999999999999 1.7097437685393509e-21
18.966423953348794 1.8636008341959783e-21
19.186847906697587 2.019332590137231e-21
19.407271860046382 2.1766569075076623e-21
19.627695813395178 2.3353147492659808e-21
20.068543720092769 2.6556990807450724e-21
20.509391626790361 2.9788069835614315e-21
20.632819879026691 3.0718066271482611e-21
21.003717394148353 3.3529767104256756e-21
21.374614909270019 3.6360081677075561e-21
22.116409939513346 4.2045275060132213e-21
22.858204969756674 4.7720738986739062e-21
23.600000000000001 5.3346471895502244e-21
23.744014764336981 5.4430216490782937e-21
24.262262389410196 5.8302359624640032e-21
24.780510014483415 6.2125553463727874e-21
25.298757639556634 6.5893778274695431e-21
25.817005264629849 6.9602238864522348e-21
26.57067388264737 7.4974937734173362e-21
27.324342500664891 8.0238963579329958e-21
27.839367562259532 8.3767527294804349e-21
28.354392623854178 8.7237051560540217e-21
28.869417685448823 9.0645382070915788e-21
29.384442747043465 9.3990896376982245e-21
29.899467808638107 9.7272424703170963e-21
30.414492870232749 1.0048918231934082e-20
30.929517931827391 1.0364071169567877e-20
31.444542993422036 1.067268329586543e-20
32.03722798452872 1.1019744221895003e-20
32.629912975635406 1.1358191685650582e-20
33.222597966742093 1.1688094914560293e-20
33.81528295784878 1.2009546499426895e-20
34.407967948955466 1.2322657962320026e-20
35.000652940062153 1.2627556024727757e-20
35.593337931168833 1.2924379464367742e-20
36.186022922275519 1.321327646780478e-20
36.993011461137755 1.3594170228452473e-20
37.799999999999997 1.3961065010402943e-20
38.760616042387475 1.4424319654502726e-20
39.721232084774954 1.4868217527686883e-20
40.681848127162432 1.5293402212785612e-20
41.64246416954991 1.5700530690271455e-20
42.427365496026596 1.6020244318890629e-20
43.212266822503281 1.6328703333794111e-20
43.997168148979966 1.6626262988412493e-20
44.782069475456652 1.6913273275636241e-20
45.566970801933337 1.7190077697008534e-20
46.351872128410022 1.7457012327185313e-20
47.136773454886708 1.7714405119076318e-20
47.9216747813634 1.7962575404870709e-20
48.824930312777909 1.8237156583530294e-20
49.728185844192424 1.8500392931230263e-20
50.631441375606933 1.875272613934666e-20
51.534696907021441 1.8994581613217479e-20
52.43795243843595 1.9226368606953002e-20
53.341207969850458 1.9448480470685388e-20
54.244463501264967 1.9661294982104259e-20
55.147719032679476 1.986517474065623e-20
56.187175238841391 2.0089191463368551e-20
57.226631445003299 2.0302342744056853e-20
58.266087651165208 2.0505111362829923e-20
59.305543857327123 2.0697957076418564e-20
60.345000063489039 2.0881317635168018e-20
61.384456269650947 2.1055609791722882e-20
63.463368681974771 2.1378556840135678e-20
64.65956307763652 2.1549808791936641e-20
65.855757473298269 2.171107249284221e-20
67.051951868960032 2.1862839453157827e-20
68.248146264621781 2.2005574406784136e-20
70.640535055945293 2.2265682678170554e-20
73.03292384726879 2.2494637153090058e-20
75.786057695006292 2.2723319350229856e-20
78.539191542743794 2.2918517905756112e-20
81.292325390481295 2.3083717071152842e-20
84.045459238218811 2.3222004133394579e-20
87.213734399449891 2.3351385434416017e-20
90.38200956068097 2.3452430826227447e-20
93.55028472191205 2.352836879612494e-20
96.718559883143129 2.3582034441979912e-20
100.36457495266941 2.3619457753096617e-20
104.01059002219571 2.3634005466125584e-20
107.656605091722 2.3628564310022598e-20
111.30262016124829 2.3605646512529355e-20
115.49841289095787 2.3560479618880508e-20
119.69420562066743 2.3497954915013344e-20
123.889998350377 2.3420559472082099e-20
128.08579108008658 2.3330436300289584e-20
132.91426169663043 2.321336579965631e-20
137.74273231317426 2.3084300535661756e-20
147.39967354626194 2.279809624570221e-20
158.51277183147727 2.2435931334267405e-20
169.62587011669257 2.205211109091317e-20
195.20352467954802 2.1135766358023193e-20
209.92076185649077 2.0608390651907724e-20
224.63799903343352 2.0090511719905061e-20
241.57442841479943 1.951171741199408e-20
258.51085779616534 1.8954706169020608e-20
268.25598307821849 1.8644801823648515e-20
278.00110836027159 1.8342830095221816e-20
287.74623364232468 1.8048824827709027e-20
297.49135892437778 1.7762746804876668e-20
308.70593841152726 1.7443217772235266e-20
319.92051789867674 1.7133853333938874e-20
331.13509738582627 1.6834396447469678e-20
342.34967687297575 1.6544557249110275e-20
355.25528756894181 1.622251183112437e-20
368.16089826490787 1.5912300597803388e-20
381.06650896087393 1.5613425482927475e-20
393.97211965683999 1.5325390896935075e-20
409.5 1.4992511688357292e-20
427.18472561347534 1.4630607690799732e-20
444.86945122695067 1.4285925762010023e-20
453.37864047259939 1.4125987299162718e-20
470.46972782296575 1.3815640967396177e-20
487.56081517333212 1.3519084312297512e-20
504.65190252369848 1.3235460343678748e-20
521.74298987406485 1.2963973497088887e-20
541.41121907225511 1.2665613321291035e-20
561.07944827044525 1.2381313948209532e-20
580.7476774686354 1.21101245001352e-20
600.41590666682566 1.1851172921071164e-20
623.04988143170499 1.1567282487219686e-20
645.68385619658443 1.1297428038883148e-20
668.31783096146387 1.104059883225232e-20
690.9518057263432 1.079587597394996e-20
716.99872680372914 1.0528150161773127e-20
743.04564788111497 1.0274196394522359e-20
769.09256895850081 1.0032973576974385e-20
795.13949003588675 9.8035414717093892e-21
825.11399096465379 9.5530031609378195e-21
855.08849189342095 9.3157872249934089e-21
885.06299282218811 9.0908469262948347e-21
915.03749375095526 8.8772418394616252e-21
949.53180896231129 8.6443585605009709e-21
984.02612417366731 8.4242103540847811e-21
1018.5204393850233 8.2157648079894073e-21
1053.0147545963794 8.0180982502384908e-21
1092.7104207470193 7.802892315703748e-21
1132.4060868976594 7.5997383509642548e-21
1172.1017530482993 7.4076338059296747e-21
1211.7974191989392 7.2256848091361582e-21
1234.6380800656361 7.125280651826893e-21
1257.4787409323333 7.0278329474607946e-21
1303.1600626657273 6.8412894250764568e-21
1348.8413843991214 6.6650931194937492e-21
1394.5227061325154 6.4983895485421189e-21
1420.8074792282835 6.4064716955874456e-21
1447.0922523240515 6.3173099991630601e-21
1473.3770254198193 6.2307797013734074e-21
1499.6617985155874 6.1467635252220856e-21
1552.2313447071233 5.9858385591427724e-21
1604.8008908986594 5.8337266264471629e-21
1635.0491092286011 5.7499133813662213e-21
1665.297327558543 5.6686530833243925e-21
1695.5455458884849 5.5898282894798917e-21
1725.7937642184265 5.5133287206215543e-21
1786.2902008783103 5.3668967657300496e-21
1846.7866375381939 5.228598893773483e-21
1881.595943625875 5.1524444844510783e-21
1916.4052497135558 5.0786416672063746e-21
1951.2145558012367 5.0070807587925966e-21
1986.0238618889175 4.9376588628062721e-21
2020.8331679765984 4.8702793500468589e-21
2055.6424740642792 4.8048513860132497e-21
2125.2610862396409 4.6795131958064695e-21
2165.3192403130147 4.6105330553944212e-21
2205.3773943863885 4.5437085822134449e-21
2245.4355484597622 4.4789380320476981e-21
2285.493702533136 4.4161260330138688e-21
2325.5518566065098 4.3551830914918066e-21
2365.6100106798835 4.296025143465001e-21
2445.7263188266311 4.1827527079277585e-21
2491.8247875442839 4.1204434284143403e-21
2537.9232562619363 4.060101895462637e-21
2584.0217249795887 4.0016342777399687e-21
2630.1201936972411 3.9449526816347018e-21
2676.2186624148935 3.8899746859970701e-21
2722.3171311325464 3.8366229201136031e-21
2814.5140685678516 3.7345115809532198e-21
2867.5636627708182 3.6783662745555009e-21
2920.6132569737847 3.6240105512004204e-21
2973.6628511767512 3.5713583118375536e-21
3026.7124453797178 3.5203289543008481e-21
3079.7620395826843 3.4708469387204617e-21
3132.8116337856509 3.4228413936874888e-21
3238.910822191584 3.3309974595134537e-21
3299.9596926505233 3.2805172624730789e-21
3361.0085631094626 3.2316593370005653e-21
3422.0574335684014 3.1843450240392105e-21
3483.1063040273407 3.1385007249628134e-21
3544.15517448628 3.0940574984252691e-21
3605.2040449452188 3.0509506953070379e-21
3666.2529154041581 3.0091196276124415e-21
3727.3017858630974 2.9685072676786686e-21
3797.5561325797385 2.9232096743809468e-21
3867.8104792963795 2.8793784721813876e-21
3938.0648260130206 2.8369420729585951e-21
4008.3191727296617 2.7958335247998263e-21
4078.5735194463027 2.7559901402122986e-21
4148.8278661629438 2.7173531596993753e-21
4219.0822128795844 2.6798674468272759e-21
4289.3365595962259 2.6434812113851583e-21
4370.1844638322546 2.6029058546438069e-21
4451.0323680682832 2.5636526230646119e-21
4531.8802723043118 2.5256565815338659e-21
4612.7281765403404 2.4888570247282989e-21
4693.5760807763691 2.4531971359845413e-21
4774.4239850123977 2.418623678800364e-21
4855.2718892484263 2.3850867173729045e-21
4936.119793484454 2.3525393630241342e-21
5029.1586433896628 2.3162517736977066e-21
5122.1974932948706 2.2811535460542861e-21
5215.2363432000793 2.2471859530181247e-21
5308.2751931052881 2.2142941124273695e-21
5401.3140430104968 2.1824266754052473e-21
5494.3528929157055 2.1515355446872187e-21
5587.3917428209134 2.121575619587018e-21
5680.4305927261221 2.0925045646986309e-21
5787.4986444397782 2.0600983604398221e-21
5894.5666961534353 2.0287599302555177e-21
6001.6347478670923 1.9984362998141426e-21
6108.7027995807493 1.9690779786500475e-21
6215.7708512944064 1.940638676572815e-21
6322.8389030080634 1.9130750474527551e-21
6429.9069547217205 1.8863464573383095e-21
6536.9750064353775 1.8604147742436367e-21
6660.1877042432061 1.8315126491244902e-21
6783.4004020510338 1.8035674100122269e-21
6906.6130998588615 1.7765313822075767e-21
7029.8257976666901 1.7503600388251051e-21
7153.0384954745186 1.7250117435803464e-21
7276.2511932823472 1.7004475184986781e-21
7399.4638910901758 1.6766308337644516e-21
7522.6765888980035 1.6535274172802718e-21
7664.4683620562955 1.6277812344134117e-21
7806.2601352145884 1.6028911738681726e-21
7948.0519083728814 1.5788144187510729e-21
8089.8436815311743 1.5555109892427647e-21
8231.6354546894654 1.5329435099952663e-21
8373.4272278477583 1.5110770001395605e-21
8515.2190010060513 1.4898786833723543e-21
8657.0107741643442 1.4693178159109063e-21
8820.1831362104203 1.4464080451506063e-21
8983.3554982564965 1.424263122844002e-21
9146.5278603025727 1.4028446657550263e-21
9309.7002223486488 1.3821168419823275e-21
9472.872584394725 1.3620461611581479e-21
9636.0449464408011 1.3426012850995993e-21
9799.2173084868773 1.3237528566163876e-21
9962.3896705329553 1.3054733444701014e-21
10150.166571425309 1.2851080367651118e-21
10337.943472317662 1.2654251295320499e-21
10525.720373210015 1.2463902709882045e-21
10713.497274102368 1.2279713991826944e-21
10901.274174994722 1.2101385531978128e-21
11089.051075887075 1.1928637028020681e-21
11276.827976779428 1.1761205944787031e-21
11464.604877671782 1.1598846120168114e-21
11680.696402404261 1.1417980602469637e-21
11896.787927136738 1.1243196160398354e-21
12112.879451869218 1.1074185814273437e-21
12328.970976601697 1.0910663099311492e-21
12545.062501334176 1.0752360370125784e-21
12761.154026066655 1.0599027271306777e-21
12977.245550799133 1.0450429355352749e-21
13193.337075531612 1.030634683160536e-21
13442.012747775116 1.0145858852632061e-21
13690.688420018618 9.9907839586210171e-22
13939.36409226212 9.8408481909675808e-22
14188.039764505624 9.6957959413621388e-22
14436.715436749128 9.5553884319452992e-22
14685.39110899263 9.4194023446382831e-22
14934.066781236132 9.2876285827932648e-22
15182.742453479636 9.1598711504567162e-22
15468.915592580372 9.0175812779380522e-22
15755.088731681109 8.8801050388929776e-22
16041.261870781846 8.7471982422958318e-22
16327.435009882582 8.6186330876488785e-22
16613.60814898332 8.4941968048376908e-22
16899.781288084057 8.373690427729001e-22
17185.954427184792 8.2569276863734371e-22
17472.12756628553 8.1437340046079963e-22
17801.452364340475 8.017676503077065e-22
18130.777162395425 7.8958956166649019e-22
18460.101960450371 7.7781739293423382e-22
18789.426758505317 7.6643086461317599e-22
19118.751556560263 7.5541103776861199e-22
19448.076354615208 7.4474020445743393e-22
19777.401152670154 7.3440178877044397e-22
20106.7259507251 7.2438025730477181e-22
20485.709187777808 7.1322085729631977e-22
20864.692424830511 7.024410841464667e-22
21243.675661883215 6.9202159982453688e-22
21622.658898935922 6.8194436902314032e-22
22001.64213598863 6.7219255069390985e-22
22380.625373041334 6.6275040028161897e-22
22759.608610094037 6.536031814422477e-22
23138.591847146745 6.4473708618600519e-22
23574.721451765778 6.3486519422332612e-22
24010.851056384814 6.2533002295417652e-22
24446.98066100385 6.1611438822169427e-22
24883.110265622883 6.0720226533834339e-22
25319.239870241916 5.9857869240977934e-22
25755.369474860952 5.9022968320708036e-22
26191.499079479989 5.8214214850220166e-22
26627.628684099021 5.7430382492033764e-22
27129.521679431433 5.6557706793471571e-22
27631.414674763841 5.571487540239388e-22
28133.307670096248 5.4900362611120522e-22
28635.20066542866 5.4112745807490561e-22
29137.093660761071 5.3350696867453731e-22
29638.986656093482 5.2612974398824092e-22
30140.879651425894 5.189841673934789e-22
30642.772646758302 5.1205935624648491e-22
31220.345405167522 5.0435033653983664e-22
31797.918163576745 4.9690564973931089e-22
32375.490921985966 4.8971176050323864e-22
32953.063680395186 4.8275604934897661e-22
33530.636438804402 4.7602673609545831e-22
34108.209197213626 4.6951281088470149e-22
34685.78195562285 4.6320397191902976e-22
35263.354714032066 4.5709056916149812e-22
35928.018884201432 4.5028546279154534e-22
36592.683054370806 4.4371432356589996e-22
37257.347224540179 4.373651524631921e-22
37922.011394709552 4.3122676339779939e-22
38586.675564878926 4.2528871518974122e-22
39251.339735048292 4.1954125027623476e-22
39916.003905217658 4.1397523939627684e-22
40580.668075387031 4.0858213157837674e-22
41345.556053005137 4.0257938383459753e-22
42110.444030623243 3.967835954763457e-22
42875.332008241348 3.9118413678735235e-22
43640.219985859454 3.8577109907413764e-22
44405.10796347756 3.8053523426486156e-22
45169.995941095665 3.7546790049945192e-22
45934.883918713764 3.7056101302733412e-22
46699.771896331869 3.658069998169977e-22
47579.996293196265 3.6051611922176464e-22
48460.220690060669 3.5540819665939032e-22
49340.445086925072 3.5047382159797798e-22
50220.669483789476 3.4570422254820162e-22
51100.893880653879 3.4109121347779099e-22
51981.118277518282 3.3662714554587352e-22
52861.342674382686 3.3230486354963869e-22
53741.567071247082 3.281176665539449e-22
54754.5193093618 3.2345811617323997e-22
55767.471547476525 3.189602099950743e-22
56780.423785591243 3.1461562199213698e-22
57793.376023705961 3.1041659213943088e-22
58806.328261820679 3.0635587891010129e-22
59819.280499935398 3.0242671649121049e-22
61845.184976164834 2.9493813149089846e-22
63010.878906436214 2.9083831444040862e-22
64176.572836707594 2.8688122687750174e-22
65342.266766978973 2.8305950665649822e-22
66507.960697250353 2.7936629262380324e-22
67673.654627521726 2.7579518253372203e-22
68839.348557793113 2.7234019514888738e-22
71170.736418335873 2.6575656671501285e-22
72512.203753064881 2.6215290143188944e-22
73853.671087793889 2.586751898165413e-22
75195.138422522898 2.553169257354961e-22
76536.60575725192 2.5207204623679488e-22
77878.073091980943 2.4893489429139848e-22
79219.540426709951 2.4590018524203689e-22
81902.475096167967 2.4011864036684199e-22
83446.220468270927 2.3695472035076659e-22
84989.965840373887 2.33901882766491e-22
86533.711212476846 2.3095438116078559e-22
88077.456584579806 2.2810686089612334e-22
89621.201956682766 2.2535432618444993e-22
91164.947328785725 2.226921104035218e-22
94252.43807299163 2.1762145689137666e-22
96028.962712982757 2.1484728909591895e-22
97805.487352973869 2.121710264596108e-22
99582.011992964995 2.0958759628894813e-22
101358.53663295612 2.0709227210099996e-22
104911.58591293836 2.0234859479051316e-22
108464.6351929206 1.9790806911821613e-22
110509.03957043545 1.9547938491420275e-22
112553.44394795029 1.9313693350609023e-22
114597.84832546514 1.9087623941518204e-22
116642.25270298 1.8869313291073758e-22
120731.0614580097 1.8454438046486369e-22
124819.87021303939 1.8066251616223556e-22
127172.54754985515 1.7854014873931783e-22
129525.22488667091 1.7649367716468166e-22
134230.57956030243 1.7261290590808975e-22
138935.93423393398 1.6899173552078239e-22
143641.2889075655 1.6560534126635814e-22
146348.7232645076 1.6375466344498855e-22
149056.15762144967 1.6197072813429465e-22
154471.02633533382 1.5858941178761445e-22
159885.89504921797 1.55436307942054e-22
165300.76376310212 1.524895449549072e-22
171532.13317568076 1.4932901522604262e-22
177763.50258825943 1.4639099096177215e-22
183994.87200083811 1.4365338215037398e-22
190226.24141341675 1.4109693105817789e-22
197397.23055604505 1.3835736819730499e-22
204568.21969867335 1.3581303721550355e-22
211739.20884130162 1.3344449804818356e-22
218910.19798392992 1.312348062036413e-22
227162.49083947623 1.2886930427421377e-22
235414.78369502258 1.2667486588327809e-22
243667.07655056892 1.246343959902602e-22
251919.36940611526 1.2273299717759985e-22
261416.01429278444 1.2070012388971471e-22
270912.65917945362 1.1881688320332009e-22
280409.30406612274 1.1706825546690439e-22
289905.94895279192 1.1544115506553343e-22
300834.58002323261 1.1370428583330964e-22
311763.21109367337 1.1209802832128482e-22
322691.84216411412 1.1060920023171252e-22
333620.47323455481 1.0922632014600606e-22
346197.01774044218 1.0775303718915986e-22
358773.5622463295 1.0639346468860957e-22
371350.10675221682 1.05136047950675e-22
383926.65125810419 1.0397072690603156e-22
398399.59582811303 1.0273227886261492e-22
412872.54039812187 1.0159250302671621e-22
427345.48496813071 1.0054128785070454e-22
441818.42953813955 9.9569833896215751e-23
458473.72976217908 9.8540652755609083e-23
475129.02998621867 9.7596743166547588e-23
491784.33021025825 9.6729274831720602e-23
508439.63043429778 9.5930567949501204e-23
527606.36075728433 9.5087841216947897e-23
546773.09108027082 9.4318426367310357e-23
565939.82140325732 9.3614632501783593e-23
585106.55172624392 9.2969775959305295e-23
607163.40728168166 9.2293072667597602e-23
629220.26283711952 9.1678992571917868e-23
651277.11839255737 9.1120860010299221e-23
673333.97394799511 9.0612879377400985e-23
698716.75279421208 9.0083828736572994e-23
724099.53164042905 8.960783795828349e-23
749482.31048664602 8.9179137923211213e-23
774865.08933286299 8.8792726434345549e-23
804075.30292548542 8.8394747493508368e-23
833285.51651810785 8.8041266824866485e-23
862495.73011073028 8.7727326518082394e-23
891705.94370335259 8.7448634704269068e-23
925320.72572922963 8.716671443236549e-23
958935.50775510655 8.6921628415358418e-23
1026165.0718068605 8.6525612355000681e-23
1103532.0905083336 8.6196624298235393e-23
1180899.1092098069 8.5973741006996028e-23
1269932.19557857 8.5818766326043252e-23
1358965.2819473329 8.5747697658518253e-23
1461423.546481658 8.5744960177695638e-23
1563881.8110159831 8.5806388801792415e-23
1681789.618096889 8.5936186152299884e-23
1799697.4251777946 8.6112667643981023e-23
2071071.3555057021 8.663310580307417e-23
2383365.3921977892 8.7337793945915652e-23
2742749.822513531 8.8200151011004057e-23
3156325.3429475478 8.9196727992157203e-23
3632263.3543744613 9.0306998725453882e-23
4179967.4121080809 9.1513135831704712e-23
4810259.0207957355 9.2799774327620181e-23
5535591.4450723603 9.4153768189322315e-23
6370295.7604327155 9.5563946400683537e-23
6850579.8831065726 9.6312664019879112e-23
7330864.0057804296 9.7020875027231474e-23
7883569.5189728718 9.7790589726030918e-23
8436275.0321653131 9.8516631004071499e-23
9072322.2589872666 9.9303765599593752e-23
9708369.4858092219 1.0004459199596146e-22
10440325.410061127 1.0084616613520961e-22
11172281.334313031 1.0159924520071228e-22
12014607.898213662 1.0241278437882258e-22
12856934.462114293 1.0317601655464961e-22
13826274.304506851 1.039994718591437e-22
14795614.14689941 1.0477112059992774e-22
15911119.427533628 1.0560279893447579e-22
17026624.708167847 1.0638143034943798e-22
18310335.514948964 1.0721993452370146e-22
19594046.321730085 1.0800436584117253e-22
21071326.137482908 1.0884854368125266e-22
22548605.953235731 1.0963779968082603e-22
24248642.785910621 1.1048670119492063e-22
25948679.618585512 1.1127997768282609e-22
27905062.696207449 1.1213281928263585e-22
29861445.773829382 1.1292945268525877e-22
32112829.198495112 1.1378558749033004e-22
34364212.623160839 1.1458502968615526e-22
36955079.096520871 1.1544392300410064e-22
39545945.569880903 1.1624572058765849e-22
42527485.279749595 1.1710692975094557e-22
45509024.989618286 1.1791070700973635e-22
48940147.022702157 1.1877386484682327e-22
52371269.055786021 1.1957930982380636e-22
56319765.319963574 1.2044411114008154e-22
60268261.584141128 1.2125096424354262e-22
64812146.237002447 1.2211715478020396e-22
69356030.889863759 1.2292519948565546e-22
74585081.737860233 1.237925669091506e-22
79814132.585856721 1.2460162217225958e-22
85831664.9089351 1.2546998872171154e-22
91849197.232013494 1.2627990278630395e-22
98774105.080857083 1.2714911927113512e-22
105699012.92970067 1.2795976461215917e-22
113668118.22740911 1.2882970550728721e-22
121637223.52511755 1.296409746958149e-22
130807979.38673809 1.3051153412812844e-22
139978735.24835864 1.3132333644489509e-22
150532336.93029803 1.3219442490322028e-22
161085938.61223739 1.3300668355981065e-22
173230903.55750984 1.3387822519229873e-22
185375868.50278232 1.3469087504585326e-22
199352156.21641827 1.355628054346743e-22
213328443.93005422 1.36375791103828e-22
229412197.08492586 1.3724805542817478e-22
245495950.2397975 1.3806132973567025e-22
264004950.68735236 1.389338812511908e-22
282513951.13490719 1.3974740393294905e-22
303813898.62034965 1.4062020270954932e-22
325113846.10579211 1.4143393934155273e-22
349625583.7421993 1.4230695121264974e-22
374137321.37860644 1.4312087231630452e-22
402345150.64047176 1.4399406800157395e-22
430552979.90233707 1.4480814829571413e-22
463014229.42569709 1.456815026665799e-22
495475478.94905704 1.4649572044029246e-22
532831516.19799197 1.4736921190319884e-22
570187553.44692695 1.4818354848849254e-22
656165360.18166721 1.498715977928847e-22
755107643.61574757 1.5155983850605718e-22
868969299.58183658 1.5324824489127721e-22
1000000000 1.5493679473742567e-22
