# rbeq_model = iaa_thesis_2023
# rbeq_normalization = positive_part
# rbeq_target = N2
# E [eV], sigma [m^2]; linear interpolation; maximum source energy 1 GeV
# Relative interpolation target 0.0002; floor 1e-8 of peak
15.58 0
15.6525 2.8531148281439468e-23
15.725000000000001 5.7071674740641223e-23
15.870000000000001 1.1416258357475015e-22
16.16 2.2826532451695546e-22
16.449999999999999 3.4205962157386455e-22
16.739999999999998 4.5533301871720623e-22
16.814330439917249 4.942719687209579e-22
16.888660879834504 5.3394134989413072e-22
16.962991319751755 5.7431514333200194e-22
17.037321759669005 6.1536809511616125e-22
17.111652199586256 6.5707569237757711e-22
17.185982639503507 6.9941414017782874e-22
17.260313079420758 7.4236033919107983e-22
17.334643519338009 7.8589186415101196e-22
17.40897395925526 8.2998694302400212e-22
17.483304399172511 8.746244368980042e-22
17.557634839089761 9.1978382055337698e-22
17.631965279007012 9.6544516367885143e-22
17.706295718924263 1.0115891127284322e-21
17.780626158841514 1.0581968733870815e-21
17.929287038676019 1.1527313472357773e-21
18.028126158841516 1.2165014373170748e-21
18.126965279007017 1.2809584950518427e-21
18.225804399172514 1.3460648760231835e-21
18.324643519338011 1.4117843628044345e-21
18.522321759669005 1.5449245848733785e-21
18.719999999999999 1.6801158893109322e-21
18.941533952850023 1.833758648779791e-21
19.163067905700046 1.9893553268942699e-21
19.38460185855007 2.146615562787833e-21
19.606135811400094 2.3052728490576918e-21
20.049203717100141 2.6258201453177949e-21
20.492271622800189 2.9492714997041504e-21
20.632819879026691 3.0574357166157065e-21
21.021719239690476 3.3602157425093276e-21
21.410618600354262 3.6670835571175996e-21
21.799517961018047 3.9768666454499615e-21
22.188417321681836 4.2885443212940008e-21
23.744014764336981 5.5380870177117836e-21
24.191555731377971 5.8945969911385926e-21
24.63909669841896 6.2484314931629934e-21
25.086637665459946 6.5990353275553562e-21
25.534178632500936 6.9459424333134148e-21
25.981719599541925 7.2887637339968691e-21
26.429260566582911 7.6271766973578915e-21
26.876801533623901 7.960916347790146e-21
27.324342500664891 8.2897675160746881e-21
27.839367562259532 8.6619341963804248e-21
28.354392623854178 9.0271987824693749e-21
28.869417685448823 9.3854150856510999e-21
29.384442747043465 9.7364838888283911e-21
29.899467808638107 1.0080345697393962e-20
30.414492870232749 1.0416974562986454e-20
30.929517931827391 1.0746372814276632e-20
31.444542993422036 1.1068566556289871e-20
32.03722798452872 1.1430488174385149e-20
32.629912975635406 1.1783027374401592e-20
33.222597966742093 1.2126304800254056e-20
33.81528295784878 1.2460459958530772e-20
34.407967948955466 1.2785647265794051e-20
35.000652940062153 1.3102032737090034e-20
35.593337931168833 1.3409791212231234e-20
36.186022922275519 1.370910403392134e-20
36.743011461137755 1.3982857762172143e-20
37.299999999999997 1.4249473391717079e-20
37.842808021193733 1.4528465027330994e-20
38.385616042387475 1.4800712096728476e-20
38.928424063581218 1.506634418303733e-20
39.471232084774954 1.5325492817085961e-20
40.556848127162432 1.5824871216215993e-20
41.64246416954991 1.6299912727245781e-20
42.427365496026596 1.662880884568283e-20
43.212266822503281 1.6945932016137163e-20
43.997168148979966 1.7251670291958913e-20
44.782069475456652 1.7546403764415098e-20
45.566970801933337 1.7830503608792957e-20
46.351872128410022 1.8104331392296786e-20
47.136773454886708 1.8368238593743246e-20
47.9216747813634 1.8622566294149978e-20
48.824930312777909 1.8903817659871021e-20
49.728185844192424 1.9173306356597733e-20
50.631441375606933 1.9431500095495948e-20
51.534696907021441 1.9678848237840841e-20
52.43795243843595 1.9915782134574015e-20
53.341207969850458 2.0142715554070821e-20
54.244463501264967 2.0360045173236913e-20
55.147719032679476 2.0568151113118679e-20
56.187175238841391 2.0796694805744476e-20
57.226631445003299 2.1014034871171776e-20
58.266087651165208 2.1220675227843226e-20
59.305543857327123 2.1417095146254901e-20
60.345000063489039 2.1603750421325947e-20
61.384456269650947 2.1781074518586215e-20
63.463368681974771 2.2109358033294887e-20
64.65956307763652 2.2283275744421825e-20
65.855757473298269 2.2446933445071197e-20
67.051951868960032 2.2600840114400773e-20
68.248146264621781 2.2745476637493725e-20
70.640535055945293 2.3008732362535778e-20
73.03292384726879 2.3240047624441161e-20
75.786057695006292 2.3470592796566978e-20
78.539191542743794 2.3666856120332059e-20
81.292325390481295 2.3832425606465939e-20
84.045459238218811 2.3970477687039166e-20
87.213734399449891 2.4098938966616047e-20
90.38200956068097 2.419846489093854e-20
93.55028472191205 2.42723697122146e-20
96.718559883143129 2.4323561935581164e-20
100.36457495266941 2.4357675541498725e-20
104.01059002219571 2.4368495758434751e-20
107.656605091722 2.435897877324441e-20
111.30262016124829 2.4331695821711033e-20
115.49841289095787 2.4281212496136501e-20
119.69420562066743 2.4213119331646408e-20
123.889998350377 2.4129957633483103e-20
128.08579108008658 2.4033915923117772e-20
132.91426169663043 2.3909895413635208e-20
137.74273231317426 2.3773777485155158e-20
147.39967354626194 2.3473312397202336e-20
158.51277183147727 2.3094726554032247e-20
169.62587011669257 2.2694702636468351e-20
195.20352467954802 2.1742612640806289e-20
209.92076185649077 2.1195887260033592e-20
224.63799903343352 2.065961555255528e-20
241.57442841479943 2.0060835012708137e-20
258.51085779616534 1.9485058448661302e-20
268.25598307821849 1.9164885427219451e-20
278.00110836027159 1.8853014112719254e-20
287.74623364232468 1.8549463899080732e-20
297.49135892437778 1.8254180972550269e-20
308.70593841152726 1.792446102772392e-20
319.92051789867674 1.7605315168927922e-20
331.13509738582627 1.7296465415779647e-20
342.34967687297575 1.6997601812114386e-20
355.25528756894181 1.666560233737636e-20
368.16089826490787 1.6345872032374823e-20
381.06650896087393 1.603788690508186e-20
393.97211965683999 1.5741127108077097e-20
409.5 1.53982279074706e-20
429.10573052933643 1.4986110277642075e-20
448.71146105867285 1.4595722359523559e-20
453.37864047259939 1.4505873775161479e-20
470.46972782296575 1.4186371025910615e-20
487.56081517333212 1.3881109201201587e-20
504.65190252369848 1.3589199190737202e-20
521.74298987406485 1.3309816161886306e-20
541.41121907225511 1.3002817030633732e-20
561.07944827044525 1.271032278473273e-20
580.7476774686354 1.2431349202977258e-20
600.41590666682566 1.216499407196638e-20
623.04988143170499 1.1873019310088543e-20
645.68385619658443 1.1595510884198795e-20
668.31783096146387 1.1331424359185466e-20
690.9518057263432 1.1079810544232601e-20
716.99872680372914 1.0804572722124001e-20
743.04564788111497 1.054351870204682e-20
769.09256895850081 1.0295574055413526e-20
795.13949003588675 1.0059768705729819e-20
825.11399096465379 9.8022928474764878e-21
855.08849189342095 9.5585291435911916e-21
885.06299282218811 9.327398428832812e-21
915.03749375095526 9.1079313568264052e-21
949.53180896231129 8.8686751255554139e-21
984.02612417366731 8.642519624234841e-21
1018.5204393850233 8.4284013255262654e-21
1053.0147545963794 8.225368891683052e-21
1092.7104207470193 8.0043357938559049e-21
1132.4060868976594 7.7956950669666863e-21
1172.1017530482993 7.5984146438005556e-21
1211.7974191989392 7.4115744747491747e-21
1234.6380800656361 7.3084758313531377e-21
1257.4787409323333 7.2084160877407625e-21
1303.1600626657273 7.01688085096042e-21
1348.8413843991214 6.8359799068230164e-21
1394.5227061325154 6.6648342281786292e-21
1420.8074792282835 6.5704708155268857e-21
1447.0922523240515 6.4789394286432175e-21
1473.3770254198193 6.390111760777934e-21
1499.6617985155874 6.3038672059982227e-21
1552.2313447071233 6.1386801413061094e-21
1604.8008908986594 5.982546923780236e-21
1635.0491092286011 5.8965210249451961e-21
1665.297327558543 5.8131175428650325e-21
1695.5455458884849 5.732215745565291e-21
1725.7937642184265 5.6537022710998547e-21
1786.2902008783103 5.5034204049496181e-21
1846.7866375381939 5.3614925125024194e-21
1881.595943625875 5.2833417111639958e-21
1916.4052497135558 5.2076058381336157e-21
1951.2145558012367 5.1341721800848099e-21
1986.0238618889175 5.0629350027071104e-21
2020.8331679765984 4.9937950159867571e-21
2055.6424740642792 4.926658888026382e-21
2125.2610862396409 4.7980520541404018e-21
2165.3192403130147 4.7272750413538114e-21
2205.3773943863885 4.6587112239410197e-21
2245.4355484597622 4.5922560806833205e-21
2285.493702533136 4.5278116404183609e-21
2325.5518566065098 4.4652859738960653e-21
2365.6100106798835 4.4045927323656264e-21
2445.7263188266311 4.2883835514552872e-21
2491.8247875442839 4.2244604698707673e-21
2537.9232562619363 4.162557216875575e-21
2584.0217249795887 4.102577427424417e-21
2630.1201936972411 4.0444308376095924e-21
2676.2186624148935 3.9880328063582356e-21
2722.3171311325464 3.9333038815975e-21
2814.5140685678516 3.8285591589979785e-21
2867.5636627708182 3.7709672444008877e-21
2920.6132569737847 3.715211929549798e-21
2973.6628511767512 3.6612048125905257e-21
3026.7124453797178 3.6088631380728549e-21
3079.7620395826843 3.5581093503478615e-21
3132.8116337856509 3.5088706888627415e-21
3238.910822191584 3.4146695072660712e-21
3299.9596926505233 3.3628947839730095e-21
3361.0085631094626 3.3127846697212698e-21
3422.0574335684014 3.2642584195493368e-21
3483.1063040273407 3.2172404851484082e-21
3544.15517448628 3.1716601007028919e-21
3605.2040449452188 3.127450907882638e-21
3666.2529154041581 3.0845506157245069e-21
3727.3017858630974 3.0429006916622087e-21
3797.5561325797385 2.9964464286039098e-21
3867.8104792963795 2.9514965962688319e-21
3938.0648260130206 2.9079777226429226e-21
4008.3191727296617 2.8658210955707324e-21
4078.5735194463027 2.824962380923986e-21
4148.8278661629438 2.7853412771020572e-21
4219.0822128795844 2.746901201882811e-21
4289.3365595962259 2.7095890081327851e-21
4370.1844638322546 2.6679815673633953e-21
4451.0323680682832 2.6277303630154086e-21
4531.8802723043118 2.5887687629027711e-21
4612.7281765403404 2.5510344765080885e-21
4693.5760807763691 2.5144692047262744e-21
4774.4239850123977 2.4790183231224747e-21
4855.2718892484263 2.4446305950111912e-21
4936.119793484454 2.4112579111209563e-21
5029.1586433896628 2.3740505350180212e-21
5122.1974932948706 2.3380630561387437e-21
5215.2363432000793 2.3032352220825033e-21
5308.2751931052881 2.2695107263064998e-21
5401.3140430104968 2.2368368882321194e-21
5494.3528929157055 2.2051643641094717e-21
5587.3917428209134 2.1744468852333201e-21
5680.4305927261221 2.1446410205291352e-21
5787.4986444397782 2.1114160180928107e-21
5894.5666961534353 2.0792860821861564e-21
6001.6347478670923 2.0481968702514126e-21
6108.7027995807493 2.0180976144516902e-21
6215.7708512944064 1.9889408306171006e-21
6322.8389030080634 1.9606820552937738e-21
6429.9069547217205 1.933279607769999e-21
6536.9750064353775 1.9066943743466051e-21
6660.1877042432061 1.8770640867989818e-21
6783.4004020510338 1.8484150454180761e-21
6906.6130998588615 1.8206983503630022e-21
7029.8257976666901 1.7938683312046876e-21
7153.0384954745186 1.7678822829909233e-21
7276.2511932823472 1.7427002278895205e-21
7399.4638910901758 1.7182846995542917e-21
7522.6765888980035 1.6946005477193426e-21
7664.4683620562955 1.66820740217055e-21
7806.2601352145884 1.6426920949435562e-21
7948.0519083728814 1.6180107138454393e-21
8089.8436815311743 1.5941222569020692e-21
8231.6354546894654 1.5709883937143347e-21
8373.4272278477583 1.548573250016046e-21
8515.2190010060513 1.5268432128356727e-21
8657.0107741643442 1.5057667539926685e-21
8820.1831362104203 1.48228265240617e-21
8983.3554982564965 1.4595827365340301e-21
9146.5278603025727 1.4376276452928273e-21
9309.7002223486488 1.4163806343903078e-21
9472.872584394725 1.3958073611060612e-21
9636.0449464408011 1.3758756900560877e-21
9799.2173084868773 1.356555517585291e-21
9962.3896705329553 1.3378186127306369e-21
10150.166571425309 1.3169438516889521e-21
10337.943472317662 1.2967686928230252e-21
10525.720373210015 1.2772579124551261e-21
10713.497274102368 1.2583786352277821e-21
10901.274174994722 1.2401001404540058e-21
11089.051075887075 1.2223936873960037e-21
11276.827976779428 1.2052323573421973e-21
11464.604877671782 1.1885909106226275e-21
11680.696402404261 1.1700527846756502e-21
11896.787927136738 1.1521380542356703e-21
12112.879451869218 1.1348152447891684e-21
12328.970976601697 1.118054985504447e-21
12545.062501334176 1.1018298353449325e-21
12761.154026066655 1.0861141262175333e-21
12977.245550799133 1.0708838212345756e-21
13193.337075531612 1.0561163864125868e-21
13442.012747775116 1.0396675929879089e-21
13690.688420018618 1.0237736837547821e-21
13939.36409226212 1.0084065719351517e-21
14188.039764505624 9.9354005229798756e-22
14436.715436749128 9.7914964530346854e-22
14685.39110899263 9.6521245654639701e-22
14934.066781236132 9.517070497699964e-22
15182.742453479636 9.3861333194163146e-22
15468.915592580372 9.2403026774258804e-22
15755.088731681109 9.0994061280966695e-22
16041.261870781846 8.9631933387815909e-22
16327.435009882582 8.8314307815112973e-22
16613.60814898332 8.7039003383328779e-22
16899.781288084057 8.5803980437988683e-22
17185.954427184792 8.4607329490818693e-22
17472.12756628553 8.3447260941720034e-22
17801.452364340475 8.215536258150594e-22
18130.777162395425 8.090729846268578e-22
18460.101960450371 7.9700839877774896e-22
18789.426758505317 7.8533908013400921e-22
19118.751556560263 7.7404561488687419e-22
19448.076354615208 7.6310985121088874e-22
19777.401152670154 7.5251479780534965e-22
20106.7259507251 7.4224453210502461e-22
20485.709187777808 7.3080819925447631e-22
20864.692424830511 7.1976095754466633e-22
21243.675661883215 7.0908298485654337e-22
21622.658898935922 6.9875579452833023e-22
22001.64213598863 6.8876212415625511e-22
22380.625373041334 6.7908583536431968e-22
22759.608610094037 6.6971182329786391e-22
23138.591847146745 6.606259347550599e-22
23574.721451765778 6.5050935016959554e-22
24010.851056384814 6.4073786730832569e-22
24446.98066100385 6.3129387270945807e-22
24883.110265622883 6.2216094144559254e-22
25319.239870241916 6.1332373801646954e-22
25755.369474860952 6.0476792703091452e-22
26191.499079479989 5.9648009256538759e-22
26627.628684099021 5.8844766522889925e-22
27129.521679431433 5.7950483162544809e-22
27631.414674763841 5.708678585093123e-22
28133.307670096248 5.6252110833541249e-22
28635.20066542866 5.5445000030187721e-22
29137.093660761071 5.4664092211677368e-22
29638.986656093482 5.3908115049054669e-22
30140.879651425894 5.3175877936127229e-22
30642.772646758302 5.2466265498706231e-22
31220.345405167522 5.1676294374938228e-22
31797.918163576745 5.0913412634370377e-22
32375.490921985966 5.0176233045040998e-22
32953.063680395186 4.9463462247350166e-22
33530.636438804402 4.877389290669506e-22
34108.209197213626 4.8106396643016611e-22
34685.78195562285 4.7459917648762577e-22
35263.354714032066 4.6833466918124028e-22
35928.018884201432 4.6136137930764391e-22
36592.683054370806 4.5462785681002077e-22
37257.347224540179 4.4812180438219335e-22
37922.011394709552 4.4183175791324892e-22
38586.675564878926 4.3574701675808088e-22
39251.339735048292 4.2985758091836229e-22
39916.003905217658 4.241540943460353e-22
40580.668075387031 4.1862779368264097e-22
41345.556053005137 4.1247681117333296e-22
42110.444030623243 4.0653791312517012e-22
42875.332008241348 4.0080020593309563e-22
43640.219985859454 3.952535349552726e-22
44405.10796347756 3.898884226058787e-22
45169.995941095665 3.8469601258885796e-22
45934.883918713764 3.7966801957184717e-22
46699.771896331869 3.7479668368960008e-22
47579.996293196265 3.693752426645154e-22
48460.220690060669 3.6414128588067606e-22
49340.445086925072 3.5908516947004747e-22
50220.669483789476 3.5419790448495891e-22
51100.893880653879 3.4947110197865601e-22
51981.118277518282 3.4489692353837894e-22
52861.342674382686 3.404680366482514e-22
53741.567071247082 3.3617757433938177e-22
54754.5193093618 3.3140311849323557e-22
55767.471547476525 3.2679430215490084e-22
56780.423785591243 3.2234259308067391e-22
57793.376023705961 3.1804003907390085e-22
58806.328261820679 3.1387921930000863e-22
59819.280499935398 3.0985320043899631e-22
61845.184976164834 3.0218003617378872e-22
63010.878906436214 2.9797917725610626e-22
64176.572836707594 2.939245727138234e-22
65342.266766978973 2.900086782420322e-22
66507.960697250353 2.8622446294482592e-22
67673.654627521726 2.8256536620644157e-22
68839.348557793113 2.7902525885104361e-22
71170.736418335873 2.7227944590394266e-22
72512.203753064881 2.6858701458611497e-22
73853.671087793889 2.650236451845452e-22
75195.138422522898 2.6158267073447362e-22
76536.60575725192 2.5825787842498912e-22
77878.073091980943 2.5504347141667353e-22
79219.540426709951 2.5193403445873137e-22
81902.475096167967 2.46010134510512e-22
83446.220468270927 2.4276831813245057e-22
84989.965840373887 2.3964032356545157e-22
86533.711212476846 2.366202624232089e-22
88077.456584579806 2.3370264782628235e-22
89621.201956682766 2.3088236061942976e-22
91164.947328785725 2.28154618952899e-22
94252.43807299163 2.2295916937268496e-22
96028.962712982757 2.2011673054144288e-22
97805.487352973869 2.1737460977407804e-22
99582.011992964995 2.1472760918111504e-22
101358.53663295612 2.1217088563922001e-22
104911.58591293836 2.0731049478664598e-22
108464.6351929206 2.0276072412113458e-22
110509.03957043545 2.0027229388081094e-22
112553.44394795029 1.9787222045619635e-22
114597.84832546514 1.9555591798922661e-22
116642.25270298 1.9331911391933341e-22
120731.0614580097 1.8906832144531126e-22
124819.87021303939 1.8509098871171473e-22
127172.54754985515 1.8291642795736762e-22
129525.22488667091 1.8081963148374086e-22
134230.57956030243 1.7684343331320488e-22
138935.93423393398 1.731332257729408e-22
143641.2889075655 1.6966357242113167e-22
146348.7232645076 1.6776739534644562e-22
149056.15762144967 1.6593960309353409e-22
154471.02633533382 1.6247516298821885e-22
159885.89504921797 1.5924454998341518e-22
165300.76376310212 1.5622535380110888e-22
171532.13317568076 1.5298714021971633e-22
177763.50258825943 1.4997690457739595e-22
183994.87200083811 1.4717201306155846e-22
190226.24141341675 1.4455273392035729e-22
197397.23055604505 1.417458450985677e-22
204568.21969867335 1.3913898799538269e-22
211739.20884130162 1.3671224421087279e-22
218910.19798392992 1.3444825237069499e-22
227162.49083947623 1.3202462258456578e-22
235414.78369502258 1.2977626054315847e-22
243667.07655056892 1.2768565075649779e-22
251919.36940611526 1.2573752944586593e-22
261416.01429278444 1.2365470274405906e-22
270912.65917945362 1.2172518502937096e-22
280409.30406612274 1.1993358739286829e-22
289905.94895279192 1.1826650254080967e-22
300834.58002323261 1.1648695009929004e-22
311763.21109367337 1.1484121759352192e-22
322691.84216411412 1.1331579875750986e-22
333620.47323455481 1.1189893002933314e-22
346197.01774044218 1.1038943422128578e-22
358773.5622463295 1.0899644133559368e-22
371350.10675221682 1.0770811280333002e-22
383926.65125810419 1.0651414141865549e-22
398399.59582811303 1.0524524194080425e-22
412872.54039812187 1.0407743742914524e-22
427345.48496813071 1.0300036798823254e-22
441818.42953813955 1.0200501807283621e-22
458473.72976217908 1.0095051684705576e-22
475129.02998621867 9.9983380669677497e-23
491784.33021025825 9.909456241899172e-23
508439.63043429778 9.8276193729698074e-23
527606.36075728433 9.7412716430104105e-23
546773.09108027082 9.6624350817869565e-23
565939.82140325732 9.5903217187288931e-23
585106.55172624392 9.5242467805039266e-23
607163.40728168166 9.4549080583947342e-23
629220.26283711952 9.3919854027196513e-23
651277.11839255737 9.3347948616517036e-23
673333.97394799511 9.2827426496290297e-23
698716.75279421208 9.22853066632652e-23
724099.53164042905 9.1797549574229379e-23
749482.31048664602 9.1358244520688288e-23
774865.08933286299 9.0962266540935648e-23
804075.30292548542 9.0554425523297444e-23
833285.51651810785 9.0192175760978047e-23
862495.73011073028 8.9870437669051241e-23
891705.94370335259 8.9584814049572816e-23
925320.72572922963 8.92958699726201e-23
958935.50775510655 8.9044665344664104e-23
1026165.0718068605 8.8638726451296884e-23
1103532.0905083336 8.8301435742354734e-23
1180899.1092098069 8.8072860042246972e-23
1269932.19557857 8.7913833533418353e-23
1358965.2819473329 8.7840780031561997e-23
1461423.546481658 8.7837707641441651e-23
1563881.8110159831 8.790038554333921e-23
1681789.618096889 8.8033082163903529e-23
1799697.4251777946 8.8213619771124151e-23
2071071.3555057021 8.874623595140789e-23
2383365.3921977892 8.9467592997520666e-23
2742749.822513531 9.0350459938724824e-23
3156325.3429475478 9.1370814798435903e-23
3632263.3543744613 9.2507630170178402e-23
4179967.4121080809 9.3742643599136882e-23
4810259.0207957355 9.5060115344241281e-23
5535591.4450723603 9.6446578933374196e-23
6370295.7604327155 9.7890591203115913e-23
6850579.8831065726 9.8657277894780084e-23
7330864.0057804296 9.9382488522473374e-23
7883569.5189728718 1.0017068168252108e-22
8436275.0321653131 1.0091415502663929e-22
9072322.2589872666 1.0172019046305482e-22
9708369.4858092219 1.0247880732386853e-22
10440325.410061127 1.0329963223242852e-22
11172281.334313031 1.0407079861525958e-22
12014607.898213662 1.0490387837071874e-22
12856934.462114293 1.0568544372037068e-22
13826274.304506851 1.0652867965794076e-22
14795614.14689941 1.0731886527352219e-22
15911119.427533628 1.0817052320753436e-22
17026624.708167847 1.0896786040919824e-22
18310335.514948964 1.098265092600407e-22
19594046.321730085 1.1062978659554746e-22
21071326.137482908 1.1149424625835556e-22
22548605.953235731 1.1230246487248679e-22
24248642.785910621 1.1317176233830015e-22
25948679.618585512 1.13984098557884e-22
27905062.696207449 1.1485743126316856e-22
29861445.773829382 1.156732054498604e-22
32112829.198495112 1.1654991085765428e-22
34364212.623160839 1.1736856162713535e-22
36955079.096520871 1.1824809211048739e-22
39545945.569880903 1.1906915509187213e-22
42527485.279749595 1.1995105728017608e-22
45509024.989618286 1.207741476789854e-22
48940147.022702157 1.2165804552729977e-22
52371269.055786021 1.2248284384922862e-22
56319765.319963574 1.2336842479075928e-22
60268261.584141128 1.2419466517489136e-22
64812146.237002447 1.2508166881177165e-22
69356030.889863759 1.259091295067682e-22
74585081.737860233 1.267973383808298e-22
79814132.585856721 1.2762583397378565e-22
85831664.9089351 1.2851506603565145e-22
91849197.232013494 1.2934444110995758e-22
98774105.080857083 1.3023454357116174e-22
105699012.92970067 1.310646675269145e-22
113668118.22740911 1.3195551183626597e-22
121637223.52511755 1.3278627465511384e-22
130807979.38673809 1.3367775238798571e-22
139978735.24835864 1.3450906116468841e-22
150532336.93029803 1.3540108065335902e-22
161085938.61223739 1.3623285674973823e-22
173230903.55750984 1.3712534031540361e-22
185375868.50278232 1.3795751701978282e-22
199352156.21641827 1.3885039869344834e-22
213328443.93005422 1.3968291929105118e-22
229412197.08492586 1.4057614293214275e-22
245495950.2397975 1.4140895911007882e-22
264004950.68735236 1.4230247684914679e-22
282513951.13490719 1.4313554737430815e-22
303813898.62034965 1.4402931832035543e-22
325113846.10579211 1.4486260794039514e-22
349625583.7421993 1.4575659710477198e-22
374137321.37860644 1.4659007563188052e-22
402345150.64047176 1.4748425302986873e-22
430552979.90233707 1.4831789457473635e-22
463014229.42569709 1.4921223447332638e-22
495475478.94905704 1.5004601680284634e-22
532831516.19799197 1.5094049708914184e-22
570187553.44692695 1.5177440108636904e-22
656165360.18166721 1.5350301194468778e-22
755107643.61574757 1.5523181881269907e-22
868969299.58183658 1.5696079533487188e-22
1000000000 1.5868991876609495e-22
