# rbeq_model = elmolcs_b8643810
# rbeq_normalization = positive_part
# rbeq_target = O2
# E [eV], sigma [m^2]; linear interpolation; maximum source energy 1 GeV
# Relative interpolation target 0.0002; floor 1e-8 of peak
12.07 0
12.070225555032287 2.4479570335693901e-26
12.070451110064576 4.8965956779600932e-26
12.070902220129152 9.7959174655130252e-26
12.071804440258305 1.9602736698978247e-25
12.073608880516609 3.9249059117811732e-25
12.075413320774913 5.8938924578075879e-25
12.077217761033218 7.8672290441705549e-25
12.079022201291522 9.8449114110502255e-25
12.080826641549827 1.1826935302703091e-24
12.084435522066435 1.5803990657316594e-24
12.088044402583044 1.9798361142146755e-24
12.091653283099653 2.3810012855491121e-24
12.095262163616262 2.783891195953909e-24
12.098871044132872 3.1885024680404856e-24
12.102479924649483 3.5948317307785233e-24
12.106088805166092 4.0028756195118443e-24
12.113306566199309 4.8240938479843e-24
12.120524327232527 5.6521303627704741e-24
12.127742088265745 6.4869584740458375e-24
12.134959849298962 7.3285515924376242e-24
12.142177610332181 8.1768832286041006e-24
12.149395371365401 9.0319269928188581e-24
12.156613132398618 9.8936565945566177e-24
12.163830893431836 1.0762045842080468e-23
12.171048654465054 1.1637068642039266e-23
12.178266415498271 1.2518698999051783e-23
12.185484176531491 1.3406911015301445e-23
12.19270193756471 1.4301678890150869e-23
12.199919698597927 1.5202976919681488e-23
12.207137459631145 1.6110779496373663e-23
12.214355220664363 1.7025061108658858e-23
12.2287907427308 1.8872959871157365e-23
12.243226264797237 2.0746471018822723e-23
12.257661786863672 2.2645393873489917e-23
12.272097308930109 2.4569529254756738e-23
12.286532830996546 2.6518679467664616e-23
12.300968353062981 2.8492648290492103e-23
12.315403875129416 3.0491240962702908e-23
12.329839397195853 3.2514264172833792e-23
12.34427491926229 3.4561526046815548e-23
12.358710441328725 3.6632836136085818e-23
12.373145963395162 3.8728005405964722e-23
12.387581485461599 4.0846846224110538e-23
12.402017007528034 4.2989172349077071e-23
12.416452529594471 4.5154798918975722e-23
12.430888051660908 4.7343542440286861e-23
12.445323573727343 4.9555220776541089e-23
12.45975909579378 5.1789653137570362e-23
12.474194617860217 5.4046660068388087e-23
12.503065661993089 5.8627686430705388e-23
12.531936706125961 6.3296890519053235e-23
12.560807750258833 6.8052883669644421e-23
12.589678794391705 7.2894297566336322e-23
12.618549838524579 7.781978391426861e-23
12.647420882657451 8.2828014118691651e-23
12.676291926790324 8.7917678969955275e-23
12.705162970923197 9.308748833359956e-23
12.73403401505607 9.833617084684678e-23
12.762905059188942 1.0366247361962694e-22
12.791776103321814 1.0906516194143881e-22
12.820647147454686 1.1454301899275982e-22
12.84951819158756 1.2009484556264905e-22
12.878389235720432 1.257194597702553e-22
12.907260279853304 1.3141569679188467e-22
12.936131323986178 1.3718240859208641e-22
12.96500236811905 1.4301846366077681e-22
12.993873412251922 1.4892274675381424e-22
13.022744456384794 1.5489415863797417e-22
13.051615500517666 1.6093161584174747e-22
13.109357588783412 1.7320040965776464e-22
13.167099677049158 1.8572076642087837e-22
13.224841765314903 1.9848456123905408e-22
13.282583853580647 2.1148389883573806e-22
13.340325941846393 2.2471110652724681e-22
13.398068030112139 2.3815872743534138e-22
13.455810118377883 2.5181951393273426e-22
13.513552206643627 2.6568642130581058e-22
13.571294294909373 2.7975260163388904e-22
13.629036383175119 2.940113978690838e-22
13.686778471440864 3.0845633811769936e-22
13.74452055970661 3.2308113010689909e-22
13.802262647972356 3.3787965583913585e-22
13.8600047362381 3.528459664177192e-22
13.917746824503846 3.6797427704747754e-22
13.984328412374666 3.8561228511051004e-22
14.050910000245487 4.0344984525299185e-22
14.117491588116307 4.2147885132500021e-22
14.184073175987127 4.3969145239239889e-22
14.317236351728766 4.766372609423882e-22
14.450399527470406 5.1422925107396534e-22
14.583562703212046 5.5241297163684214e-22
14.716725878953685 5.9113730897370625e-22
14.849889054695325 6.3035427216806732e-22
14.983052230436964 6.7001879343139774e-22
15.116215406178604 7.1008854246367361e-22
15.249378581920244 7.5052375371064164e-22
15.515704933403523 8.3234337037417655e-22
15.782031284886802 9.1520497101506886e-22
16.048357636370081 9.9886770097543698e-22
16.564178818185042 1.1624116540333793e-21
17.079999999999998 1.3268878268714837e-21
17.792567461975629 1.5537826771953365e-21
18.148851192963441 1.6665216390819328e-21
18.505134923951257 1.7785173766019478e-21
18.687432121911264 1.8354801107277939e-21
18.78821761429181 1.8762803554692657e-21
18.889003106672355 1.9178871600095824e-21
19.090574091433449 2.0033844032985348e-21
19.292145076194544 2.0917114369382508e-21
19.493716060955634 2.1826256002589357e-21
19.695287045716725 2.2759006923976676e-21
19.896858030477816 2.3713257911343627e-21
20.098429015238906 2.4687041648671279e-21
20.300000000000001 2.5678522695835273e-21
20.559502544010726 2.6978263003243182e-21
20.819005088021452 2.8301127271380149e-21
21.078507632032178 2.9644022373266071e-21
21.338010176042904 3.1004116173508257e-21
21.773375843150042 3.3317527815191801e-21
22.208741510257177 3.5661230444514008e-21
22.508218657523621 3.7374666802036637e-21
22.807695804790061 3.9113774999295307e-21
23.107172952056501 4.0874506847343545e-21
23.406650099322945 4.2653179360644855e-21
24.005604393855833 4.6251243277798024e-21
24.604558688388718 4.9884617116183121e-21
25.827279344194359 5.7334286610497734e-21
26.438639672097182 6.1044687458814036e-21
27.050000000000001 6.4729353822383347e-21
27.710584861376994 6.867100088715849e-21
28.371169722753983 7.2562155633333687e-21
28.979942766260336 7.6096850065092087e-21
29.588715809766686 7.9577520717577966e-21
30.370135807538745 8.4071197339824447e-21
31.151555805310799 8.8501864979737687e-21
31.932975803082858 9.2859194771156399e-21
32.714395800854916 9.7135243228464358e-21
33.340409895268664 1.0049814957384185e-20
33.966423989682411 1.0380267531914253e-20
34.592438084096159 1.0704704078973371e-20
35.218452178509914 1.102299380347714e-20
35.844466272923668 1.13350459998553e-20
36.470480367337416 1.1640804006811217e-20
37.096494461751163 1.1940240039858447e-20
37.722508556164911 1.2233350768094813e-20
38.374381417123686 1.2531865276150131e-20
39.026254278082455 1.2823579619289197e-20
39.678127139041223 1.3108550430625786e-20
40.329999999999998 1.3386848497853051e-20
41.121823191174052 1.3718120621330349e-20
41.913646382348105 1.4041427255142456e-20
42.705469573522159 1.435675417472677e-20
43.497292764696212 1.4664122034900062e-20
44.32964554618421 1.4978696574561907e-20
45.161998327672215 1.5284616824467106e-20
45.99435110916022 1.5581991690497887e-20
46.826703890648218 1.5870948832438207e-20
47.659056672136217 1.6151630778309162e-20
48.491409453624222 1.6424191667315778e-20
49.323762235112227 1.6688794519745733e-20
50.156115016600225 1.694560894999882e-20
51.115889273553137 1.7232297483730038e-20
52.075663530506041 1.7509134460515649e-20
53.035437787458946 1.7776394790790579e-20
53.995212044411858 1.803435398989949e-20
54.954986301364762 1.8283286426447106e-20
55.914760558317667 1.8523463920243262e-20
56.874534815270579 1.8755154628831065e-20
57.834309072223483 1.8978622172309188e-20
58.941011236013608 1.9226428503752342e-20
60.04771339980374 1.946403128525701e-20
61.154415563593872 1.9691806295763695e-20
62.261117727384004 1.9910117919867031e-20
63.367819891174136 2.0119318838149119e-20
64.474522054964268 2.0319749877454558e-20
66.687926382544518 2.0695606316142767e-20
67.964049044165193 2.0897933569905169e-20
69.240171705785883 2.1090314697978417e-20
70.516294367406559 2.127317955108544e-20
71.792417029027234 2.1446938900217332e-20
74.344662352268585 2.1768692729712705e-20
76.896907675509951 2.205850629706333e-20
78.368386724511481 2.2212132130953096e-20
79.839865773513026 2.2356507157505586e-20
82.782823871516115 2.2619279663131621e-20
85.725781969519204 2.2850144401055395e-20
88.668740067522279 2.3052082837858077e-20
92.062223557425369 2.3252509128178782e-20
95.45570704732846 2.3421693041234403e-20
98.84919053723155 2.3562883382481711e-20
102.24267402713464 2.3678963662230371e-20
106.15565199445899 2.3784974136079444e-20
110.06862996178334 2.3864467523785342e-20
113.9816079291077 2.3920487207671612e-20
117.89458589643205 2.3955707255514348e-20
122.40658562129386 2.3973557251924976e-20
126.91858534615565 2.397002966043235e-20
131.43058507101745 2.3947864347697703e-20
135.94258479587927 2.3909444901567609e-20
141.14530806372167 2.3847665368386934e-20
146.34803133156407 2.3769787127722194e-20
151.55075459940645 2.3678178411179622e-20
156.75347786724885 2.3574877295872093e-20
162.7526647139585 2.3443529415131238e-20
168.75185156066817 2.3301270571725028e-20
180.7502252540875 2.2991544915829922e-20
194.58538079433583 2.2605544073339293e-20
208.42053633458417 2.2201376582271681e-20
240.32678191649109 2.1246559435255083e-20
258.72210288291296 2.0700983910819026e-20
277.11742384933484 2.0167778222195032e-20
298.32880909922278 1.9573100903248414e-20
319.54019434911072 1.9002854959501696e-20
331.76946898477581 1.8685724546867148e-20
343.99874362044091 1.8377204006411867e-20
356.228018256106 1.807725994187621e-20
368.45729289177109 1.7785793149513686e-20
382.55869705303979 1.7460036003217956e-20
396.6601012143085 1.7145071211583994e-20
410.76150537557714 1.684057617326429e-20
424.86290953684585 1.6546202925947435e-20
441.12303985884608 1.6218857311188437e-20
457.38317018084632 1.5903924588347453e-20
473.64330050284656 1.5600842977807962e-20
489.90343082484679 1.5309060839795249e-20
510.45171541242337 1.4955659578718763e-20
531 1.4618412234895212e-20
547.95036945634013 1.4351676817656463e-20
564.90073891268025 1.4094743507445198e-20
575.7865218891053 1.3934675418234335e-20
594.68466078637812 1.3665646223202753e-20
613.58279968365082 1.340723347577079e-20
632.48093858092363 1.3158844514830436e-20
651.37907747819645 1.2919925635805299e-20
676.30831571263263 1.2618374048199671e-20
701.23755394706882 1.2331308266011282e-20
726.16679218150512 1.2057725555103457e-20
751.0960304159413 1.1796708877071366e-20
779.84158354557053 1.1510241495688753e-20
808.58713667519976 1.1238196931130697e-20
837.33268980482899 1.0979514457000512e-20
866.07824293445822 1.0733232201966032e-20
899.22433496333178 1.0463504676168307e-20
932.37042699220524 1.0207895129806819e-20
965.51651902107881 9.9653153272529231e-21
998.66261104995237 9.7347848066488886e-21
1036.8829024401402 9.4827697921900535e-21
1075.1031938303281 9.2443815917842087e-21
1113.323485220516 9.0185297952651944e-21
1151.5437766107036 8.8042369697116187e-21
1195.6150557430483 8.5703458261827968e-21
1239.6863348753927 8.3494536566679588e-21
1283.7576140077372 8.140488195483296e-21
1327.8288931400816 7.9424922176605254e-21
1353.237878442319 7.8329860546195334e-21
1378.6468637445564 7.7266889434945532e-21
1429.4648343490312 7.5231630428482015e-21
1480.282804953506 7.3308760700619167e-21
1531.1007755579806 7.1489041204846846e-21
1560.3995182675148 7.0483517608966074e-21
1589.6982609770494 6.9508077453344373e-21
1618.9970036865836 6.8561361956325227e-21
1648.2957463961179 6.7642093575703073e-21
1706.8932318151865 6.5881158770186482e-21
1765.490717234255 6.4216462467372198e-21
1799.2746843682712 6.3297333536908804e-21
1833.0586515022876 6.2406198378320263e-21
1866.842618636304 6.1541768869458718e-21
1900.6265857703202 6.0702835451531948e-21
1968.1945200383527 5.9096976476031559e-21
2035.7624543063853 5.7580304041063366e-21
2074.7182704868819 5.6743491517327419e-21
2113.674086667379 5.5932562556691919e-21
2152.6299028478761 5.5146307202683884e-21
2191.5857190283728 5.4383590525993531e-21
2230.5415352088694 5.3643346870147792e-21
2269.4973513893665 5.2924574619708503e-21
2347.4089837503602 5.1547729915974527e-21
2392.3283861482114 5.0788537279369429e-21
2437.247788546063 5.005314525672354e-21
2482.1671909439142 4.9340426165493066e-21
2527.0865933417654 4.8649323226930662e-21
2572.0059957396165 4.7978845048373573e-21
2616.9253981374677 4.7328060614384814e-21
2706.7642029331705 4.6082123887667186e-21
2758.5601325173716 4.539549113990968e-21
2810.3560621015727 4.4730638877584595e-21
2862.1519916857737 4.4086523105225901e-21
2913.9479212699748 4.3462166246169699e-21
2965.7438508541759 4.2856651910836074e-21
3017.539780438377 4.2269120153588216e-21
3121.1316396067791 4.1144821357993883e-21
3180.8567957370806 4.0525525116974723e-21
3240.5819518673816 3.9926077381224451e-21
3300.307107997683 3.9345517179640351e-21
3360.0322641279845 3.8782945294664698e-21
3419.7574202582859 3.8237519348144638e-21
3479.4825763885874 3.7708449350941965e-21
3539.2077325188889 3.7194993665902183e-21
3598.9328886491903 3.6696455339962908e-21
3667.8011241152631 3.6139262009639475e-21
3736.6693595813358 3.5600090328570114e-21
3805.5375950474086 3.5078060140498285e-21
3874.4058305134813 3.4572348339021174e-21
3943.2740659795541 3.4082184288251424e-21
4012.1423014456268 3.3606845679434177e-21
4081.0105369116995 3.3145654775751883e-21
4149.8787723777723 3.269797500339414e-21
4229.2897637172191 3.2197754676613229e-21
4308.700755056665 3.1713844579309835e-21
4388.1117463961109 3.1245442054069811e-21
4467.5227377355577 3.0791796858836256e-21
4546.9337290750045 3.035220692827928e-21
4626.3447204144504 2.9926014541721878e-21
4705.7557117538963 2.9512602852697478e-21
4785.1667030933431 2.9111392740829474e-21
4876.7343975875665 2.8663200950291059e-21
4968.3020920817908 2.8229728518969955e-21
5059.869786576015 2.7810246223765379e-21
5151.4374810702393 2.7404072770485415e-21
5243.0051755644636 2.7010570893232131e-21
5334.5728700586869 2.6629143830293284e-21
5426.1405645529103 2.6259232134691627e-21
5517.7082590471346 2.5900310782776769e-21
5623.293676551204 2.549944443731473e-21
5728.8790940552735 2.5111828281970628e-21
5834.464511559343 2.4736801999616598e-21
5940.0499290634134 2.4373748918914766e-21
6045.6353465674838 2.4022092442610813e-21
6151.2207640715533 2.3681292822481667e-21
6256.8061815756228 2.3350844242180268e-21
6362.3915990796922 2.303027217411988e-21
6484.1406553498809 2.2672305147823894e-21
6605.8897116200696 2.232623905536853e-21
6727.6387678902593 2.1991477715118628e-21
6849.387824160448 2.1667464547763575e-21
6971.1368804306367 2.1353679319895176e-21
7092.8859367008263 2.1049635205129074e-21
7214.634992971015 2.0754876127109442e-21
7336.3840492412037 2.0468974353251702e-21
7476.771169480704 2.0149777328481184e-21
7617.1582897202034 1.9841247993255205e-21
7757.5454099597027 1.9542849457581254e-21
7897.932530199203 1.9254080651423435e-21
8038.3196504387033 1.8974473366885716e-21
8178.7067706782027 1.8703589590007372e-21
8319.0938909177021 1.8441019089511131e-21
8459.4810111572024 1.8186377234004723e-21
8621.3594201807755 1.7902125592789089e-21
8783.2378292043504 1.7627419054154599e-21
8945.1162382279235 1.7361775227857526e-21
9106.9946472514966 1.7104744032319222e-21
9268.8730562750716 1.6855905016870778e-21
9430.7514652986447 1.6614864947126367e-21
9592.6298743222178 1.6381255623712684e-21
9754.5082833457927 1.6154731908379459e-21
9941.1679944595944 1.5901904749250622e-21
10127.827705573396 1.5657604470457081e-21
10314.487416687196 1.5421398531857911e-21
10501.147127800998 1.5192883463114364e-21
10687.806838914799 1.4971682446489954e-21
10874.466550028599 1.4757443137923134e-21
11061.126261142401 1.4549835699332236e-21
11247.785972256203 1.4348551018566465e-21
11463.020653417505 1.4123923757904697e-21
11678.255334578806 1.3906902686926481e-21
11893.490015740106 1.3697100670681233e-21
12108.724696901409 1.3494156672613685e-21
12323.959378062711 1.3297733578140147e-21
12539.194059224012 1.3107516233361266e-21
12754.428740385312 1.2923209674427633e-21
12969.663421546615 1.2744537526215443e-21
13217.847497789846 1.2545170023480717e-21
13466.031574033077 1.2352578478702617e-21
13714.21565027631 1.2166416962702302e-21
13962.399726519541 1.1986362931281131e-21
14210.583802762772 1.1812115270032639e-21
14458.767879006005 1.164339253289676e-21
14706.951955249237 1.1479931352357567e-21
14955.136031492468 1.1321485002023834e-21
15241.313590649606 1.1144706718971735e-21
15527.491149806743 1.097395753227176e-21
15813.66870896388 1.0808928788622053e-21
16099.846268121019 1.0649332751771854e-21
16386.023827278157 1.0494900849625066e-21
16672.201386435292 1.0345382095422571e-21
16958.378945592431 1.0200541663102983e-21
17244.556504749569 1.0060159599508582e-21
17574.543813382836 9.9035529539131672e-22
17904.531122016102 9.7523049700740737e-22
18234.518430649368 9.6061406215578767e-22
18564.505739282635 9.4648035621079046e-22
18894.493047915901 9.328054556946404e-22
19224.480356549167 9.1956700701680509e-22
19554.467665182434 9.0674409903479739e-22
19884.454973815697 8.9431714787958256e-22
20264.95868689417 8.8045542717500097e-22
20645.462399972646 8.6706950349018521e-22
21025.966113051123 8.5413490025079949e-22
21406.4698261296 8.4162880676833102e-22
21786.973539208077 8.2952993808202541e-22
22167.477252286553 8.1781840877159328e-22
22547.98096536503 8.064756191380283e-22
22928.484678443503 7.9548415235706402e-22
23367.238145254596 7.8322490950268672e-22
23805.991612065685 7.7138773392122209e-22
24244.745078876778 7.5995086628281601e-22
24683.498545687871 7.4889403097473446e-22
25122.252012498961 7.3819831105755022e-22
25561.005479310053 7.2784603570528026e-22
25999.758946121146 7.1782067869524701e-22
26438.512412932236 7.0810676669909242e-22
26944.432849506396 6.9727352568529313e-22
27450.353286080557 6.8681436491783733e-22
27956.273722654718 6.7670996030834113e-22
28462.194159228882 6.6694230769253351e-22
28968.114595803047 6.5749461141818699e-22
29474.035032377207 6.4835118407202012e-22
29979.955468951368 6.3949735606411045e-22
30485.875905525529 6.3091939395453005e-22
31069.24562794323 6.2135395926481938e-22
31652.615350360928 6.1211980454958553e-22
32235.985072778625 6.0319978448371467e-22
32819.354795196326 5.9457792670035905e-22
33402.724517614028 5.8623933264365865e-22
33986.094240031729 5.7817008834713904e-22
34569.46396244943 5.703571839945302e-22
35152.833684867124 5.6278844126810816e-22
35825.509086829894 5.5434926580509592e-22
36498.184488792664 5.4620324244293633e-22
37170.859890755433 5.3833517216529137e-22
37843.535292718203 5.307308972894069e-22
38516.210694680973 5.2337721333008002e-22
39188.886096643742 5.1626178969748813e-22
39861.561498606512 5.0937309821022688e-22
40534.236900569282 5.0270034853728086e-22
41309.889422490509 4.9526099371101835e-22
42085.541944411729 4.8808086245516271e-22
42861.194466332956 4.8114649201729082e-22
43636.846988254183 4.7444534328723922e-22
44412.499510175403 4.6796572252804787e-22
45188.15203209663 4.6169671096039194e-22
45963.804554017857 4.5562810129396925e-22
46739.457075939077 4.4975034041724023e-22
47633.851063005153 4.4319803681013604e-22
48528.245050071229 4.3687479467329722e-22
49422.639037137305 4.3076869822441319e-22
50317.033024203382 4.2486865024521676e-22
51211.427011269458 4.1916430263905476e-22
52105.820998335534 4.1364599396330768e-22
53000.214985401602 4.0830469313082665e-22
53894.608972467679 4.031319485794213e-22
54925.922068850792 3.9736626085269648e-22
55957.235165233913 3.9180284441065473e-22
56988.548261617027 3.8643116024539914e-22
58019.86135800014 3.8124139422010477e-22
59051.174454383254 3.7622439551055851e-22
60082.487550766367 3.7137162123546765e-22
61113.800647149488 3.6667508655991341e-22
62145.113743532602 3.6212731964952259e-22
63334.306334440247 3.5705891584258691e-22
64523.4989253479 3.5216900680394907e-22
65712.691516255552 3.4744827759116746e-22
66901.88410716319 3.4288805469098797e-22
68091.076698070829 3.3848025149328086e-22
69280.269288978481 3.3421731925154276e-22
71658.654470793786 3.2609830114035592e-22
73029.895680887275 3.2164782396632915e-22
74401.136890980764 3.173547543854933e-22
75772.378101074253 3.1321086475378229e-22
77143.619311167742 3.0920849462391385e-22
78514.860521261231 3.0534050248445129e-22
79886.10173135472 3.0160022235900265e-22
82628.584151541712 2.9447828110654543e-22
84209.743057706364 2.9057531704897084e-22
85790.901963871031 2.8681106987835724e-22
87372.060870035697 2.8317827696189514e-22
88953.219776200363 2.796701768886782e-22
90534.37868236503 2.7628046678413474e-22
92115.537588529696 2.730032639264737e-22
95277.855400859029 2.667647457178393e-22
97101.067442723914 2.6334688651599117e-22
98924.279484588798 2.6005118606337621e-22
100747.4915264537 2.568712375623856e-22
102570.70356831858 2.5380107685348259e-22
106217.12765204837 2.479682527954824e-22
109863.55173577814 2.4251251133238961e-22
111965.87183570044 2.3952450167474559e-22
114068.19193562274 2.3664398782841568e-22
116170.51203554505 2.3386532149534255e-22
118272.83213546735 2.3118324503687616e-22
122477.47233531196 2.2608958789049476e-22
126682.11253515659 2.2132758307896807e-22
129106.26820166729 2.1872054790856601e-22
131530.42386817801 2.1620802762473859e-22
136378.73520119945 2.114469704342632e-22
141227.04653422086 2.070085611488236e-22
146075.3578672423 2.0286158978531329e-22
148870.61758801134 2.0059233448654109e-22
151665.87730878039 1.9840610393437736e-22
157256.3967503185 1.94265494019581e-22
162846.91619185661 1.9040819827961965e-22
168437.43563339469 1.8680674486732152e-22
174883.78478043646 1.8294035258884704e-22
181330.13392747822 1.7935022258418056e-22
187776.48307451996 1.760085879184404e-22
194222.83222156172 1.7289128422164362e-22
201656.02653563657 1.6954780260739354e-22
209089.22084971142 1.6644639527735119e-22
216522.41516378627 1.635626522984768e-22
223955.60947786112 1.6087533505113937e-22
232526.72104046552 1.5799635147088388e-22
241097.83260306992 1.5532915880032552e-22
249668.94416567433 1.528523164666318e-22
258240.05572827873 1.5054717376099656e-22
268123.28362661391 1.4808111928150713e-22
278006.51152494911 1.4580001204317742e-22
287889.73942328431 1.4368503819226312e-22
297772.96732161951 1.4171983644401419e-22
309169.1780670961 1.3962114691454469e-22
320565.3888125727 1.3768358685834317e-22
331961.59955804923 1.3589066684197489e-22
343357.81030352582 1.3422805179354217e-22
356498.62023842504 1.3245640977952203e-22
369639.43017332425 1.3082473833138678e-22
382780.24010822346 1.2931860628169936e-22
395921.05004312267 1.2792547315698535e-22
411073.53270615928 1.2644512574036325e-22
426226.0153691959 1.2508592485601892e-22
441378.49803223251 1.2383526378532698e-22
456530.98069526913 1.2268219329156074e-22
474003.09481845284 1.2146134246469652e-22
491475.20894163649 1.2034486486366434e-22
508947.3230648202 1.1932177324942925e-22
526419.43718800391 1.1838253143893047e-22
546566.2856432905 1.1739279517347749e-22
566713.13409857708 1.1649246235894148e-22
586859.98255386367 1.1567198587431311e-22
607006.83100915025 1.1492308672081944e-22
630237.8779115798 1.1413902956354317e-22
653468.92481400934 1.1343099659895669e-22
676699.97171643889 1.1279072402020892e-22
699931.01861886843 1.1221105375260102e-22
726718.41126644006 1.1160978580624983e-22
753505.80391401157 1.1107257161841395e-22
780293.19656158308 1.1059229355164387e-22
807080.58920915471 1.1016279523057012e-22
837968.75399436406 1.0972363755104557e-22
868856.9187795734 1.0933781853211519e-22
930633.24834999221 1.0870266202454415e-22
966249.955670133 1.0840687489761012e-22
1001866.6629902737 1.0815483791767949e-22
1073100.0776305553 1.0776204459527604e-22
1155238.3237290096 1.0745836202662638e-22
1237376.5698274639 1.0727863157487226e-22
1332089.023332607 1.0718910856158444e-22
1426801.4768377503 1.0719584372784748e-22
1536013.0716192063 1.0729329099383554e-22
1645224.6664006624 1.0746240591852697e-22
1771155.0165637617 1.0772224639733539e-22
1897085.3667268611 1.0803201742945135e-22
2187502.3892771737 1.0886308256993339e-22
2522378.1633767155 1.0991846870703596e-22
2908518.6970616505 1.1116526664514359e-22
3353771.9022402526 1.1257453726579029e-22
3867187.0954858735 1.1412103707555296e-22
4459198.9161525071 1.1578292264741001e-22
5141839.3997607743 1.1754143920635673e-22
5928982.5168292681 1.1938060163027059e-22
6382804.3319912441 1.2036003980505783e-22
6836626.1471532201 1.2128687714170414e-22
7359921.6837614346 1.2229646742621193e-22
7883217.2203696501 1.2324887842878059e-22
8486621.9256642684 1.2428347139392405e-22
9090026.630958885 1.2525707441007935e-22
9785804.0892028622 1.2631237550203382e-22
10481581.547446841 1.2730352386566561e-22
11283872.724748954 1.2837596558892706e-22
12086163.902051067 1.2938163509925376e-22
13011274.547057193 1.3046826329842928e-22
13936385.192063317 1.3148595294487645e-22
15003117.233641502 1.3258432725036374e-22
16069849.275219688 1.3361197292999143e-22
17299882.952458404 1.3472008081125245e-22
18529916.629697118 1.3575598130235347e-22
19948251.120618571 1.3687216475191359e-22
21366585.611540023 1.3791491890106665e-22
23002047.115857035 1.3903781252676722e-22
24637508.620174043 1.4008626644717112e-22
26523336.222353525 1.4121474564385016e-22
28409163.824533004 1.4226794867554727e-22
30583685.044234343 1.4340108654321464e-22
32758206.263935685 1.4445825475768572e-22
35265616.023696631 1.4559528649809298e-22
37773025.78345757 1.4665577261230164e-22
40664284.625350095 1.4779606624228091e-22
43555543.467242621 1.4885933491818973e-22
46889413.273834862 1.5000236726546445e-22
50223283.080427103 1.5106797489387809e-22
54067521.350021839 1.5221331197445851e-22
57911759.619616576 1.5328089016546964e-22
62344496.568190575 1.5442817117146855e-22
66777233.516764581 1.5549741329063972e-22
71888559.994799107 1.5664633753749589e-22
76999886.472833633 1.5771698773316196e-22
82893684.96982348 1.5886730402280296e-22
88787483.466813326 1.5993914828368978e-22
95583539.416750848 1.6109064623400411e-22
102379595.36668837 1.6216350509737814e-22
110216031.66464972 1.6331600806867508e-22
118052467.96261109 1.6438973066801372e-22
127088552.17150739 1.6554308998483701e-22
136124636.38040367 1.6661754918361157e-22
146544017.68150687 1.6777163940664721e-22
156963398.98261008 1.6884672781254136e-22
168977840.65756649 1.7000144286185901e-22
180992282.3325229 1.7107706955495722e-22
194845965.63573843 1.72232319523893e-22
208699648.93895394 1.7330840736437385e-22
224674135.83216104 1.7446411589433699e-22
240648622.72536814 1.7554059930117824e-22
259068578.33688524 1.7669670141275469e-22
277488533.94840235 1.777735245259549e-22
298728325.06022453 1.7892996482192604e-22
319968116.17204672 1.8000707997766647e-22
344459419.84227777 1.8116381114986165e-22
368950723.51250875 1.8224117761164257e-22
397191300.47061288 1.8339815919663955e-22
425431877.42871702 1.8447574209635026e-22
457995688.55388772 1.8563293943555208e-22
490559499.67905843 1.8671070888720676e-22
528108371.16879225 1.8786809225525982e-22
565657242.65852606 1.8894602261116792e-22
608954316.97003782 1.9010356648345837e-22
652251391.28154957 1.9118163570825128e-22
702176637.22267199 1.9233931814365752e-22
752101883.16379452 1.9341750728613404e-22
809669980.36011863 1.945753094055872e-22
867238077.55644274 1.9565360215199889e-22
933619038.77822137 1.9681150769693031e-22
1000000000 1.9788988999227397e-22
