# rbeq_model = iaa_thesis_2023
# rbeq_normalization = positive_part
# rbeq_target = O2
# E [eV], sigma [m^2]; linear interpolation; maximum source energy 1 GeV
# Relative interpolation target 0.0002; floor 1e-8 of peak
12.07 0
12.070225555032287 2.4398709716214753e-26
12.070451110064576 4.8804240408089725e-26
12.070902220129152 9.7635761380419397e-26
12.071804440258305 1.953806183018041e-25
12.073608880516609 3.9119740515351406e-25
12.075413320774913 5.8744993358213631e-25
12.077217761033218 7.8413777701840946e-25
12.079022201291522 9.8126050929188931e-25
12.080826641549827 1.1788177046399012e-24
12.084435522066435 1.5752337835057408e-24
12.088044402583044 1.9733826155257533e-24
12.091653283099653 2.3732608090281843e-24
12.095262163616262 2.774864978732743e-24
12.098871044132872 3.1781917457538432e-24
12.102479924649483 3.5832377375664378e-24
12.106088805166092 3.9899995880218259e-24
12.113306566199309 4.8086574319221677e-24
12.120524327232527 5.6341384748721652e-24
12.127742088265745 6.4664160151875943e-24
12.134959849298962 7.3054634516714884e-24
12.142177610332181 8.1512542831932757e-24
12.149395371365401 9.0037621082729605e-24
12.156613132398618 9.8629606246668001e-24
12.163830893431836 1.0728823628954391e-23
12.171048654465054 1.1601325016135982e-23
12.178266415498271 1.2480438779216481e-23
12.185484176531491 1.3366139008800049e-23
12.19270193756471 1.4258399892704502e-23
12.199919698597927 1.5157195715500986e-23
12.207137459631145 1.606250085819366e-23
12.214355220664363 1.6974289797772003e-23
12.2287907427308 1.8817217453136583e-23
12.243226264797237 2.0685776402382302e-23
12.257661786863672 2.2579765877024339e-23
12.272097308930109 2.4498986606875179e-23
12.286532830996546 2.6443240807721669e-23
12.300968353062981 2.8412332169114795e-23
12.315403875129416 3.0406065842313781e-23
12.329839397195853 3.2424248428170799e-23
12.34427491926229 3.4466687965447658e-23
12.358710441328725 3.6533193918925433e-23
12.373145963395162 3.8623577167776276e-23
12.387581485461599 4.0737649994015662e-23
12.402017007528034 4.2875226071056145e-23
12.416452529594471 4.5036120452365928e-23
12.430888051660908 4.722014956027662e-23
12.445323573727343 4.9427131174661551e-23
12.45975909579378 5.1656884422182706e-23
12.474194617860217 5.3909229765167969e-23
12.503065661993089 5.848098520050638e-23
12.531936706125961 6.3140987484311074e-23
12.560807750258833 6.7887847308404322e-23
12.589678794391705 7.2720195719685136e-23
12.618549838524579 7.7636683793663583e-23
12.647420882657451 8.2635982313189269e-23
12.676291926790324 8.7716781453340377e-23
12.705162970923197 9.2877790471417853e-23
12.73403401505607 9.8117737403340406e-23
12.762905059188942 1.0343536876457598e-22
12.791776103321814 1.088294492569096e-22
12.820647147454686 1.1429876147976282e-22
12.84951819158756 1.1984210564770493e-22
12.878389235720432 1.2545829931187389e-22
12.907260279853304 1.3114617708695539e-22
12.936131323986178 1.3690459038218478e-22
12.96500236811905 1.427324071383839e-22
12.993873412251922 1.4862851156845458e-22
13.022744456384794 1.5459180390227186e-22
13.051615500517666 1.6062120013740043e-22
13.109357588783412 1.7287404566691725e-22
13.167099677049158 1.8537868224512251e-22
13.224841765314903 1.9812698093972779e-22
13.282583853580647 2.1111104252219984e-22
13.340325941846393 2.2432319044284868e-22
13.398068030112139 2.3775596404117645e-22
13.455810118377883 2.5140211198921916e-22
13.513552206643627 2.652545859521747e-22
13.571294294909373 2.7930653446562561e-22
13.629036383175119 2.9355129701343047e-22
13.686778471440864 3.0798239830719958e-22
13.74452055970661 3.2259354275110796e-22
13.802262647972356 3.3737860909451748e-22
13.8600047362381 3.5233164525579586e-22
13.917746824503846 3.6744686332127399e-22
13.984328412374666 3.8506999629467536e-22
14.050910000245487 4.0289291450499239e-22
14.117491588116307 4.209075073331594e-22
14.184073175987127 4.3910591948137792e-22
14.317236351728766 4.7602400622205726e-22
14.450399527470406 5.1358912198809157e-22
14.583562703212046 5.5174678422694582e-22
14.716725878953685 5.9044584930487061e-22
14.849889054695325 6.2963829767798998e-22
14.983052230436964 6.6927903420746069e-22
15.116215406178604 7.0932570245246433e-22
15.249378581920244 7.4973851186404977e-22
15.515704933403523 8.3151526711027458e-22
15.782031284886802 9.1433644832694846e-22
16.048357636370081 9.979610365195997e-22
16.564178818185042 1.1614370416078209e-21
17.079999999999998 1.3258522820997057e-21
17.792567461975629 1.5526729796638803e-21
18.148851192963441 1.6653787107237563e-21
18.505134923951257 1.7773435132531066e-21
18.696930704343767 1.8372516408538499e-21
18.797122535322281 1.8778336590664874e-21
18.897314366300797 1.9192106878604457e-21
19.097698028257824 2.0042164359244121e-21
19.298081690214854 2.0920135876330357e-21
19.498465352171884 2.182364136293359e-21
19.698849014128914 2.2750461229565573e-21
19.899232676085944 2.3698524916926047e-21
20.099616338042971 2.4665900345791471e-21
20.300000000000001 2.5650784186356798e-21
20.559502544010726 2.6949521029173843e-21
20.819005088021452 2.8271426732309222e-21
21.078507632032178 2.9613405883700006e-21
21.338010176042904 3.097262420318131e-21
21.779976799190734 3.331996658656128e-21
22.221943422338565 3.5698473725147304e-21
22.519770330594834 3.7402334528718803e-21
22.817597238851103 3.9131483780382279e-21
23.115424147107372 4.0881950125747651e-21
23.413251055363641 4.2650118495877086e-21
24.008904871876179 4.6226691157406677e-21
24.604558688388718 4.9838252251391353e-21
25.827279344194359 5.728459313510506e-21
26.438639672097182 6.0993553047086427e-21
27.050000000000001 6.4676908671128671e-21
27.710584861376994 6.8617271890757081e-21
28.371169722753983 7.2507267197807743e-21
28.991345007535557 7.6106677615629124e-21
29.611520292317135 7.9650034136608524e-21
30.387239169451583 8.4107829012158588e-21
31.162958046586027 8.8503446863299806e-21
31.938676923720472 9.2826813650260714e-21
32.714395800854916 9.7070166822220612e-21
33.340409895268664 1.0043219986599159e-20
33.966423989682411 1.0373592682454057e-20
34.592438084096159 1.0697956220858414e-20
35.218452178509914 1.1016179278008228e-20
35.844466272923668 1.132817066679827e-20
36.470480367337416 1.1633873286689422e-20
37.096494461751163 1.1933258951931622e-20
37.722508556164911 1.2226323964526217e-20
38.374381417123686 1.252479545091069e-20
39.026254278082455 1.2816471104607858e-20
39.678127139041223 1.3101407240410638e-20
40.329999999999998 1.3379674354242113e-20
41.121823191174052 1.3710862213958591e-20
41.913646382348105 1.4034092611119408e-20
42.705469573522159 1.4349350667269062e-20
43.497292764696212 1.4656656444484215e-20
44.32964554618421 1.4971172443975414e-20
45.161998327672215 1.5277040484569451e-20
45.99435110916022 1.557436895787819e-20
46.826703890648218 1.5863285056690919e-20
47.659056672136217 1.6143930884297519e-20
48.491409453624222 1.6416460193027406e-20
49.323762235112227 1.6681035650263401e-20
50.156115016600225 1.6937826548039581e-20
51.115889273553137 1.7224492358327252e-20
52.075663530506041 1.7501310944985521e-20
53.035437787458946 1.7768556846061863e-20
53.995212044411858 1.802650523932185e-20
54.954986301364762 1.8275430186884694e-20
55.914760558317667 1.8515603229902892e-20
56.874534815270579 1.8747292272213626e-20
57.834309072223483 1.8970760702621239e-20
58.941011236013608 1.921857095164814e-20
60.04771339980374 1.945618047151501e-20
61.154415563593872 1.9683964775805878e-20
62.261117727384004 1.9902288009200211e-20
63.367819891174136 2.0111502635064157e-20
64.474522054964268 2.0311949283316797e-20
66.687926382544518 2.0687841945270905e-20
67.964049044165193 2.0890192727306132e-20
69.240171705785883 2.1082599056956438e-20
70.516294367406559 2.1265490600595847e-20
71.792417029027234 2.1439277963253516e-20
74.344662352268585 2.1761091205042613e-20
76.896907675509951 2.2050967862407479e-20
78.368386724511481 2.2204631406449014e-20
79.839865773513026 2.2349044945362674e-20
82.782823871516115 2.2611896404194484e-20
85.725781969519204 2.284284199169515e-20
88.668740067522279 2.3044862506369332e-20
92.062223557425369 2.3245384270413177e-20
95.45570704732846 2.3414663931251137e-20
98.84919053723155 2.3555949789470621e-20
102.24267402713464 2.3672124964160149e-20
106.15565199445899 2.3778243697624659e-20
110.06862996178334 2.3857843770630591e-20
113.9816079291077 2.3913968312759184e-20
117.89458589643205 2.3949291212513448e-20
122.40658562129386 2.3967257157679472e-20
126.91858534615565 2.3963842568508202e-20
131.43058507101745 2.3941787251902135e-20
135.94258479587927 2.3903474778574521e-20
141.14530806372167 2.3841814861129046e-20
146.34803133156407 2.3764052295420448e-20
151.55075459940645 2.367255540039351e-20
156.75347786724885 2.3569362359369755e-20
162.7526647139585 2.3438134600683697e-20
168.75185156066817 2.329599124723121e-20
180.7502252540875 2.2986483468495338e-20
194.58538079433583 2.2600713891845253e-20
208.42053633458417 2.2196758459441827e-20
240.32678191649109 2.124236808699199e-20
258.72210288291296 2.0697005448430183e-20
277.11742384933484 2.0163992461764745e-20
298.32880909922278 1.95695157304481e-20
319.54019434911072 1.8999450430871882e-20
331.76946898477581 1.8682416209532878e-20
343.99874362044091 1.8373986620726006e-20
356.228018256106 1.807412867871122e-20
368.45729289177109 1.7782743549398009e-20
382.55869705303979 1.7457075465466582e-20
396.6601012143085 1.7142194708483009e-20
410.76150537557714 1.6837779087240632e-20
424.86290953684585 1.6543481006713407e-20
441.12303985884608 1.621621721822791e-20
457.38317018084632 1.5901361559528759e-20
473.64330050284656 1.5598352652525003e-20
489.90343082484679 1.5306639215415688e-20
503.37757311863504 1.5073082578606673e-20
516.85171541242335 1.484661928511782e-20
530.32585770621165 1.4626964440046389e-20
543.79999999999995 1.4413843660164113e-20
564.90073891268025 1.4092595283394249e-20
580.48663333421553 1.3864619452634568e-20
596.0725277557508 1.3644146866874236e-20
609.89916518636221 1.3454635745958603e-20
623.72580261697362 1.3270550595852589e-20
651.37907747819645 1.2917781629483528e-20
676.30831571263263 1.261624429183509e-20
701.23755394706882 1.2329194191057283e-20
726.16679218150512 1.2055628224973637e-20
751.0960304159413 1.1794629066034975e-20
779.84158354557053 1.1508182551933579e-20
808.58713667519976 1.1236159310988484e-20
837.33268980482899 1.097749840916253e-20
866.07824293445822 1.0731237816398522e-20
899.22433496333178 1.0461535224064509e-20
932.37042699220524 1.0205950431584112e-20
965.51651902107881 9.963395102423863e-21
998.66261104995237 9.7328887023569671e-21
1036.8829024401402 9.4809009973157978e-21
1075.1031938303281 9.2425395180550979e-21
1113.323485220516 9.0167138231543492e-21
1151.5437766107036 8.8024464634136976e-21
1195.6150557430483 8.5685838881672564e-21
1239.6863348753927 8.3477194386886792e-21
1283.7576140077372 8.1387808627237163e-21
1327.8288931400816 7.9408109548880465e-21
1353.237878442319 7.8313194608794371e-21
1378.6468637445564 7.7250367604776139e-21
1429.4648343490312 7.521538926799277e-21
1480.282804953506 7.3292790499986502e-21
1531.1007755579806 7.1473332677624839e-21
1560.3995182675148 7.0467955891217806e-21
1589.6982609770494 6.9492659676592584e-21
1618.9970036865836 6.8546085329496517e-21
1648.2957463961179 6.7626955383475067e-21
1706.8932318151865 6.5866289595121403e-21
1765.490717234255 6.4201852310672946e-21
1799.2746843682712 6.3282868382113388e-21
1833.0586515022876 6.2391875178894195e-21
1866.842618636304 6.1527584673406199e-21
1900.6265857703202 6.0688787397953733e-21
1968.1945200383527 5.9083192472365649e-21
2035.7624543063853 5.7566773654585732e-21
2074.7182704868819 5.6730102852320389e-21
2113.674086667379 5.5919312461009147e-21
2152.6299028478761 5.5133192630082458e-21
2191.5857190283728 5.4370608531547221e-21
2230.5415352088694 5.3630494605876438e-21
2269.4973513893665 5.2911849330417232e-21
2347.4089837503602 5.1535250662599875e-21
2392.3283861482114 5.0776195289876195e-21
2437.247788546063 5.0040937326535019e-21
2482.1671909439142 4.932834920369064e-21
2527.0865933417654 4.8637374250902873e-21
2572.0059957396165 4.7967021178768563e-21
2616.9253981374677 4.7316359070347603e-21
2706.7642029331705 4.6070659023963002e-21
2758.5601325173716 4.5384158123033772e-21
2810.3560621015727 4.4719434493531485e-21
2862.1519916857737 4.4075444258949154e-21
2913.9479212699748 4.3451209955691857e-21
2965.7438508541759 4.2845815301720093e-21
3017.539780438377 4.2258400453744514e-21
3121.1316396067791 4.1134327545701039e-21
3180.8567957370806 4.0515156960555725e-21
3240.5819518673816 3.991583169464143e-21
3300.307107997683 3.9335390899210415e-21
3360.0322641279845 3.8772935472773576e-21
3419.7574202582859 3.8227623147363626e-21
3479.4825763885874 3.7698664038517448e-21
3539.2077325188889 3.7185316608589691e-21
3598.9328886491903 3.6686883999179811e-21
3667.8011241152631 3.612980953518509e-21
3736.6693595813358 3.5590753595905112e-21
3805.5375950474086 3.5068836149157003e-21
3874.4058305134813 3.4563234206035225e-21
3943.2740659795541 3.4073177242008571e-21
4012.1423014456268 3.359794305393814e-21
4081.0105369116995 3.3136854005251655e-21
4149.8787723777723 3.2689273617354467e-21
4229.2897637172191 3.2189164940456523e-21
4308.700755056665 3.1705363459851195e-21
4388.1117463961109 3.1237066642337059e-21
4467.5227377355577 3.0783524363297549e-21
4546.9337290750045 3.0344034668530962e-21
4626.3447204144504 2.9917939942599026e-21
4705.7557117538963 2.9504623438773442e-21
4785.1667030933431 2.9103506131273586e-21
4876.7343975875665 2.8655418513620748e-21
4968.3020920817908 2.8222047339078483e-21
5059.869786576015 2.7802663507397072e-21
5151.4374810702393 2.7396585840359614e-21
5243.0051755644636 2.7003177181645653e-21
5334.5728700586869 2.6621840873161601e-21
5426.1405645529103 2.6252017565992939e-21
5517.7082590471346 2.5893182329366401e-21
5623.293676551204 2.5492412575095378e-21
5728.8790940552735 2.510489023296258e-21
5834.464511559343 2.4729955105942435e-21
5940.0499290634134 2.4366990635911605e-21
6045.6353465674838 2.4015420332432654e-21
6151.2207640715533 2.3674704548150379e-21
6256.8061815756228 2.3344337562047754e-21
6362.3915990796922 2.3023844936707554e-21
6484.1406553498809 2.2665966955097543e-21
6605.8897116200696 2.2319987283514393e-21
6727.6387678902593 2.1985309856451768e-21
6849.387824160448 2.1661378203917282e-21
6971.1368804306367 2.1347672195505266e-21
7092.8859367008263 2.1043705101970379e-21
7214.634992971015 2.0749020938645988e-21
7336.3840492412037 2.046319205956588e-21
7476.771169480704 2.0144076687943508e-21
7617.1582897202034 1.9835626547223132e-21
7757.5454099597027 1.9537304858546106e-21
7897.932530199203 1.9248610656358787e-21
8038.3196504387033 1.8969075831088636e-21
8178.7067706782027 1.8698262461389114e-21
8319.0938909177021 1.8435760403298419e-21
8459.4810111572024 1.8181185107816405e-21
8621.3594201807755 1.7897007980645344e-21
8783.2378292043504 1.7622373668830522e-21
8945.1162382279235 1.7356799887471921e-21
9106.9946472514966 1.7099836653913196e-21
9268.8730562750716 1.6851063610470576e-21
9430.7514652986447 1.6610087610247143e-21
9592.6298743222178 1.6376540536264319e-21
9754.5082833457927 1.6150077327939573e-21
9941.1679944595944 1.5897317871036015e-21
10127.827705573396 1.5653083180650082e-21
10314.487416687196 1.5416940815629623e-21
10501.147127800998 1.5188487398491483e-21
10687.806838914799 1.4967346198691525e-21
10874.466550028599 1.4753164954124495e-21
11061.126261142401 1.4545613903817982e-21
11247.785972256203 1.4344384008238135e-21
11463.020653417505 1.4119818018709663e-21
11678.255334578806 1.3902856276827549e-21
11893.490015740106 1.3693111739928436e-21
12108.724696901409 1.3490223457943279e-21
12323.959378062711 1.3293854397424398e-21
12539.194059224012 1.3103689480667475e-21
12754.428740385312 1.2919433815449361e-21
12969.663421546615 1.2740811094042614e-21
13217.847497789846 1.2541498846348785e-21
13466.031574033077 1.234896078180765e-21
13714.21565027631 1.2162851056674145e-21
13962.399726519541 1.1982847206744593e-21
14210.583802762772 1.1808648192596647e-21
14458.767879006005 1.1639972638531564e-21
14706.951955249237 1.1476557243124354e-21
14955.136031492468 1.1318155342124974e-21
15241.313590649606 1.1141426730917249e-21
15527.491149806743 1.0970725601709503e-21
15813.66870896388 1.0805743379793107e-21
16099.846268121019 1.0646192402451212e-21
16386.023827278157 1.0491804166464792e-21
16672.201386435292 1.0342327749659531e-21
16958.378945592431 1.0197528386597288e-21
17244.556504749569 1.0057186181082582e-21
17574.543813382836 9.9006240615255384e-22
17904.531122016102 9.7494191414407155e-22
18234.518430649368 9.6032964662930137e-22
18564.505739282635 9.4619997570504759e-22
18894.493047915901 9.3252898418618354e-22
19224.480356549167 9.1929432437897292e-22
19554.467665182434 9.0647509067265568e-22
19884.454973815697 8.9405170439280612e-22
20264.95868689417 8.8019396484812302e-22
20645.462399972646 8.668118903582151e-22
21025.966113051123 8.5388101089380268e-22
21406.4698261296 8.4137852188235098e-22
21786.973539208077 8.292831440847566e-22
22167.477252286553 8.1757499743947701e-22
22547.98096536503 8.0623548727180121e-22
22928.484678443503 7.952472014731169e-22
23367.238145254596 7.8299151007931499e-22
23805.991612065685 7.711577672546257e-22
24244.745078876778 7.5972421960149895e-22
24683.498545687871 7.4867059704770047e-22
25122.252012498961 7.3797798783446561e-22
25561.005479310053 7.276287259855155e-22
25999.758946121146 7.1760628982305181e-22
26438.512412932236 7.0789521028245915e-22
26944.432849506396 6.9706513082010896e-22
27450.353286080557 6.8660902513753335e-22
27956.273722654718 6.7650757450277207e-22
28462.194159228882 6.6674277975190856e-22
28968.114595803047 6.5729784990623814e-22
29474.035032377207 6.4815710192556419e-22
29979.955468951368 6.3930587031648231e-22
30485.875905525529 6.3073042548063673e-22
31069.24562794323 6.2116779989615742e-22
31652.615350360928 6.1193635903983853e-22
32235.985072778625 6.0301896240679188e-22
32819.354795196326 5.9439964212815004e-22
33402.724517614028 5.8606350385039472e-22
33986.094240031729 5.7799663753776183e-22
34569.46396244943 5.7018603705475574e-22
35152.833684867124 5.626195275341359e-22
35825.509086829894 5.5418284364565395e-22
36498.184488792664 5.4603922684329054e-22
37170.859890755433 5.381734824356004e-22
37843.535292718203 5.3057145677415327e-22
38516.210694680973 5.2321994914160906e-22
39188.886096643742 5.161066324712869e-22
39861.561498606512 5.0921998187984233e-22
40534.236900569282 5.025492101270094e-22
41309.889422490509 4.9511206161195614e-22
42085.541944411729 4.8793406093889197e-22
42861.194466332956 4.8100174922574924e-22
43636.846988254183 4.7430259097155384e-22
44412.499510175403 4.6782489580912862e-22
45188.15203209663 4.6155774810913919e-22
45963.804554017857 4.554909435291929e-22
46739.457075939077 4.4961493171959796e-22
47633.851063005153 4.4306457876926257e-22
48528.245050071229 4.3674321995524228e-22
49422.639037137305 4.3063894295084214e-22
50317.033024203382 4.247406537593333e-22
51211.427011269458 4.1903800729109891e-22
52105.820998335534 4.1352134491369121e-22
53000.214985401602 4.0818163816918787e-22
53894.608972467679 4.0301043795807686e-22
54925.922068850792 3.9724647223984e-22
55957.235165233913 3.916847180343571e-22
56988.548261617027 3.8631463941275125e-22
58019.86135800014 3.8112642510793973e-22
59051.174454383254 3.7611092697373161e-22
60082.487550766367 3.7125960463095164e-22
61113.800647149488 3.6656447558516333e-22
62145.113743532602 3.6201807019374013e-22
63334.306334440247 3.5695118425268198e-22
64523.4989253479 3.5206274009985872e-22
65712.691516255552 3.4734342553130573e-22
66901.88410716319 3.4278456958554969e-22
68091.076698070829 3.3837808803325453e-22
69280.269288978481 3.3411643435186707e-22
71658.654470793786 3.259998522931097e-22
73029.895680887275 3.2155071098064265e-22
74401.136890980764 3.1725893036587625e-22
75772.378101074253 3.1311628523637502e-22
77143.619311167742 3.0911511741026016e-22
78514.860521261231 3.0524828748929352e-22
79886.10173135472 3.015091314706982e-22
82628.584151541712 2.9438933136076518e-22
84209.743057706364 2.9048754108331268e-22
85790.901963871031 2.867244262363631e-22
87372.060870035697 2.8309272634310157e-22
88953.219776200363 2.7958568200086971e-22
90534.37868236503 2.7619699220808897e-22
92115.537588529696 2.7292077599194765e-22
95277.855400859029 2.6668413649130723e-22
97101.067442723914 2.6326730685737048e-22
98924.279484588798 2.5997259936918177e-22
100747.4915264537 2.5679360913817991e-22
102570.70356831858 2.537243737827594e-22
106217.12765204837 2.4789330820387954e-22
109863.55173577814 2.4243921207194372e-22
111965.87183570044 2.3945210375049028e-22
114068.19193562274 2.3657245896021939e-22
116170.51203554505 2.3379463109138174e-22
118272.83213546735 2.3111336407743905e-22
122477.47233531196 2.2602124452661869e-22
126682.11253515659 2.2126067760132526e-22
129106.26820166729 2.1865442979050302e-22
131530.42386817801 2.1614266843279527e-22
136378.73520119945 2.1138304965685521e-22
141227.04653422086 2.0694598166329573e-22
146075.3578672423 2.0280026383152069e-22
148870.61758801134 2.0053169460403075e-22
151665.87730878039 1.9834612510887451e-22
157256.3967503185 1.9420676743830057e-22
162846.91619185661 1.9035063854105585e-22
168437.43563339469 1.8675027482757968e-22
174883.78478043646 1.8288505268436689e-22
181330.13392747822 1.7929600946587035e-22
187776.48307451996 1.7595538659409553e-22
194222.83222156172 1.7283902697448976e-22
201656.02653563657 1.6949655816556469e-22
209089.22084971142 1.6639609053318805e-22
216522.41516378627 1.6351322150134414e-22
223955.60947786112 1.6082671885362441e-22
232526.72104046552 1.5794860817658677e-22
241097.83260306992 1.5528222439396483e-22
249668.94416567433 1.5280613340255031e-22
258240.05572827873 1.5050169012277681e-22
268123.28362661391 1.4803638408499551e-22
278006.51152494911 1.4575596934739665e-22
287889.73942328431 1.4364163773866915e-22
297772.96732161951 1.4167703291677163e-22
309169.1780670961 1.3957898105071625e-22
320565.3888125727 1.3764200989129808e-22
331961.59955804923 1.3584963498933038e-22
343357.81030352582 1.341875256067077e-22
356498.62023842504 1.3241642261526302e-22
369639.43017332425 1.3078524780335661e-22
382780.24010822346 1.2927957436842222e-22
395921.05004312267 1.2788686563052893e-22
411073.53270615928 1.2640696938063958e-22
426226.0153691959 1.2504818295720226e-22
441378.49803223251 1.2379790345664886e-22
456530.98069526913 1.2264518495611529e-22
474003.09481845284 1.2142470704745206e-22
491475.20894163649 1.2030857072285583e-22
508947.3230648202 1.1928579206976363e-22
526419.43718800391 1.1834683779257218e-22
546566.2856432905 1.1735740478235371e-22
566713.13409857708 1.1645734810179388e-22
586859.98255386367 1.1563712352153587e-22
607006.83100915025 1.1488845455062008e-22
630237.8779115798 1.141046386862307e-22
653468.92481400934 1.1339682393337288e-22
676699.97171643889 1.1275674898917468e-22
699931.01861886843 1.1217725794810422e-22
726718.41126644006 1.1157617626549934e-22
753505.80391401157 1.1103912887405137e-22
780293.19656158308 1.1055900029396139e-22
807080.58920915471 1.101296360163448e-22
837968.75399436406 1.0969061583574929e-22
868856.9187795734 1.0930491808179105e-22
930633.24834999221 1.0866996254070034e-22
966249.955670133 1.0837426982367012e-22
1001866.6629902737 1.0812231391135724e-22
1073100.0776305553 1.0772964875891582e-22
1155238.3237290096 1.0742606837410673e-22
1237376.5698274639 1.0724640216216604e-22
1332089.023332607 1.0715691710805857e-22
1426801.4768377503 1.0716366062558098e-22
1536013.0716192063 1.0726108984264037e-22
1645224.6664006624 1.0743016450488598e-22
1771155.0165637617 1.0768993834569252e-22
1897085.3667268611 1.0799962705545875e-22
2187502.3892771737 1.0883046512414123e-22
2522378.1633767155 1.0988555725571139e-22
2908518.6970616505 1.1113200414749501e-22
3353771.9022402526 1.1254087536841207e-22
3867187.0954858735 1.1408693499230427e-22
4459198.9161525071 1.1574834613081862e-22
5141839.3997607743 1.1750635961497541e-22
5928982.5168292681 1.1934499509388277e-22
6382804.3319912441 1.2032415239879893e-22
6836626.1471532201 1.2125072382348095e-22
7359921.6837614346 1.2226002433563235e-22
7883217.2203696501 1.232121618808841e-22
8486621.9256642684 1.2424645770198723e-22
9090026.630958885 1.2521978101707641e-22
9785804.0892028622 1.2627477886810074e-22
10481581.547446841 1.2726564236859568e-22
11283872.724748954 1.2833777581145401e-22
12086163.902051067 1.2934315619229473e-22
13011274.547057193 1.3042947194592525e-22
13936385.192063317 1.3144686893620669e-22
15003117.233641502 1.3254492735221141e-22
16069849.275219688 1.3357227745855039e-22
17299882.952458404 1.3468006660028215e-22
18529916.629697118 1.3571566910262822e-22
19948251.120618571 1.3683153145116967e-22
21366585.611540023 1.3787398560867242e-22
23002047.115857035 1.3899655617361545e-22
24637508.620174043 1.4004470843874688e-22
26523336.222353525 1.4117286294535754e-22
28409163.824533004 1.4222576293728206e-22
30583685.044234343 1.433585747575255e-22
32758206.263935685 1.444154387775712e-22
35265616.023696631 1.4555214333728384e-22
37773025.78345757 1.4661232429193886e-22
40664284.625350095 1.4775228979287438e-22
43555543.467242621 1.4881525250064128e-22
46889413.273834862 1.4995795592340704e-22
50223283.080427103 1.5102325690464193e-22
54067521.350021839 1.5216826439191043e-22
57911759.619616576 1.5323553536415876e-22
62344496.568190575 1.5438248621322166e-22
66777233.516764581 1.5545142063138122e-22
71888559.994799107 1.5660001424522995e-22
76999886.472833633 1.5767035633209295e-22
82893684.96982348 1.5882034158571952e-22
88787483.466813326 1.5989187739222797e-22
95583539.416750848 1.6104304396465151e-22
102379595.36668837 1.6211559408019321e-22
110216031.66464972 1.6326776538300057e-22
118052467.96261109 1.6434117898482901e-22
127088552.17150739 1.6549420638568579e-22
136124636.38040367 1.6656835637413179e-22
146544017.68150687 1.6772211447007695e-22
156963398.98261008 1.6879689348393512e-22
168977840.65756649 1.6995127622575808e-22
180992282.3325229 1.7102659337143318e-22
194845965.63573843 1.7218151087848823e-22
208699648.93895394 1.732572890384754e-22
224674135.83216104 1.7441266497425582e-22
240648622.72536814 1.7548883858649435e-22
259068578.33688524 1.7664460799036843e-22
277488533.94840235 1.777211212109991e-22
298728325.06022453 1.788772287017528e-22
319968116.17204672 1.7995403388072406e-22
344459419.84227777 1.8111043216384815e-22
368950723.51250875 1.8218748857642147e-22
397191300.47061288 1.833441372001738e-22
425431877.42871702 1.8442140998830158e-22
457995688.55388772 1.8557827430408603e-22
490559499.67905843 1.8665573359040463e-22
528108371.16879225 1.8781278388144222e-22
565657242.65852606 1.8889040402565841e-22
608954316.97003782 1.9004761477469612e-22
652251391.28154957 1.9112537374779496e-22
702176637.22267199 1.9228272302003671e-22
752101883.16379452 1.933606018762802e-22
809669980.36011863 1.94518070798099e-22
867238077.55644274 1.9559605322844036e-22
933619038.77822137 1.9675362554595298e-22
1000000000 1.9783169749943917e-22
